1644649110650 3.6429500579833984 0
1644649110700 2.915496587753296 1
1644649110764 2.3101108074188232 2
1644649110816 1.8553545475006104 3
1644649110867 1.5444655418395996 4
1644649110930 1.2313810586929321 5
1644649110998 1.0008355379104614 6
1644649111059 0.8041301965713501 7
1644649111107 0.70365309715271 8
1644649111174 0.6355472803115845 9
1644649111241 0.584313690662384 10
1644649111309 0.5566416382789612 11
1644649111361 0.5290558338165283 12
1644649111425 0.5097533464431763 13
1644649111475 0.4945167899131775 14
1644649111524 0.47969186305999756 15
1644649111577 0.46786198019981384 16
1644649111640 0.4594922363758087 17
1644649111690 0.4474353790283203 18
1644649111754 0.4399878978729248 19
1644649111808 0.43415796756744385 20
1644649111857 0.4245847165584564 21
1644649111908 0.4204740524291992 22
1644649111974 0.4138829708099365 23
1644649112022 0.4036083221435547 24
1644649112079 0.39959898591041565 25
1644649112134 0.39895257353782654 26
1644649112184 0.3893539309501648 27
1644649112234 0.3817076086997986 28
1644649112291 0.38005030155181885 29
1644649112353 0.3690124750137329 30
1644649112402 0.3687802255153656 31
1644649112464 0.3660379648208618 32
1644649112525 0.3565739393234253 33
1644649112590 0.35261672735214233 34
1644649112639 0.3505645990371704 35
1644649112703 0.3433232605457306 36
1644649112755 0.34080612659454346 37
1644649112821 0.33619165420532227 38
1644649112870 0.331572949886322 39
1644649112919 0.3251330256462097 40
1644649112980 0.3243256211280823 41
1644649113042 0.3185840845108032 42
1644649113103 0.313735693693161 43
1644649113152 0.31010663509368896 44
1644649113217 0.30814895033836365 45
1644649113267 0.3033479154109955 46
1644649113323 0.3034153878688812 47
1644649113381 0.2972398102283478 48
1644649113445 0.2949468791484833 49
1644649113509 0.28742244839668274 50
1644649113559 0.28203585743904114 51
1644649113615 0.28436988592147827 52
1644649113668 0.27682051062583923 53
1644649113738 0.27261751890182495 54
1644649113795 0.2693580985069275 55
1644649113846 0.2618824541568756 56
1644649113900 0.26554760336875916 57
1644649113961 0.2575029730796814 58
1644649114026 0.2591172754764557 59
1644649114095 0.2534714341163635 60
1644649114145 0.24915845692157745 61
1644649114211 0.2434975951910019 62
1644649114271 0.24264807999134064 63
1644649114328 0.23876139521598816 64
1644649114381 0.23426125943660736 65
1644649114434 0.23214101791381836 66
1644649114503 0.23119708895683289 67
1644649114563 0.22426705062389374 68
1644649114629 0.22647428512573242 69
1644649114693 0.21885524690151215 70
1644649114746 0.2185955047607422 71
1644649114796 0.2194066345691681 72
1644649114863 0.21136228740215302 73
1644649114919 0.2097868025302887 74
1644649114969 0.20636940002441406 75
1644649115020 0.20771424472332 76
1644649115073 0.20000870525836945 77
1644649115136 0.20269039273262024 78
1644649115200 0.20005343854427338 79
1644649115263 0.19229134917259216 80
1644649115318 0.19390210509300232 81
1644649115370 0.18768610060214996 82
1644649115422 0.18579502403736115 83
1644649115483 0.18547174334526062 84
1644649115538 0.18083207309246063 85
1644649115592 0.184471994638443 86
1644649115653 0.1789315938949585 87
1644649115703 0.178315207362175 88
1644649115775 0.17393703758716583 89
1644649115838 0.172687366604805 90
1644649115913 0.16861417889595032 91
1644649115962 0.16588830947875977 92
1644649116011 0.16454976797103882 93
1644649116079 0.16369859874248505 94
