1644648156756 1.9499391317367554 0
1644648156824 1.7641181945800781 1
1644648156886 1.6230603456497192 2
1644648156934 1.5073530673980713 3
1644648156996 1.4220701456069946 4
1644648157048 1.3410019874572754 5
1644648157107 1.2774473428726196 6
1644648157156 1.2179350852966309 7
1644648157221 1.173673391342163 8
1644648157285 1.1366631984710693 9
1644648157341 1.1134570837020874 10
1644648157398 1.102543830871582 11
1644648157465 1.0961692333221436 12
1644648157523 1.0903311967849731 13
1644648157587 1.0852302312850952 14
1644648157641 1.0798243284225464 15
1644648157698 1.0739161968231201 16
1644648157749 1.0684311389923096 17
1644648157806 1.061417579650879 18
1644648157856 1.0548912286758423 19
1644648157912 1.0475542545318604 20
1644648157976 1.0396075248718262 21
1644648158027 1.0325905084609985 22
1644648158094 1.0227000713348389 23
1644648158164 1.0137455463409424 24
1644648158233 1.0032578706741333 25
1644648158292 0.9925696849822998 26
1644648158355 0.9814326167106628 27
1644648158422 0.9687734246253967 28
1644648158469 0.9560085535049438 29
1644648158523 0.9425366520881653 30
1644648158587 0.9302724003791809 31
1644648158642 0.918287456035614 32
1644648158708 0.9055068492889404 33
1644648158756 0.8937209248542786 34
1644648158804 0.8821277618408203 35
1644648158860 0.8703573346138 36
1644648158925 0.8599888682365417 37
1644648158987 0.8500363230705261 38
1644648159051 0.8398929834365845 39
1644648159117 0.8304486870765686 40
1644648159165 0.8221253156661987 41
1644648159221 0.8130373954772949 42
1644648159278 0.8046424388885498 43
1644648159339 0.7967217564582825 44
1644648159389 0.7889489531517029 45
1644648159441 0.7819291353225708 46
1644648159494 0.7743791937828064 47
1644648159548 0.7672411799430847 48
1644648159612 0.7603798508644104 49
1644648159681 0.7533783316612244 50
1644648159732 0.7467868328094482 51
1644648159796 0.7411140203475952 52
1644648159861 0.7348498702049255 53
1644648159917 0.72873854637146 54
1644648159980 0.7231886982917786 55
1644648160031 0.7171191573143005 56
1644648160098 0.712106466293335 57
1644648160165 0.7064260244369507 58
1644648160222 0.7024550437927246 59
1644648160276 0.6968050003051758 60
1644648160337 0.69157874584198 61
1644648160401 0.6870972514152527 62
1644648160453 0.6825851202011108 63
1644648160517 0.6779607534408569 64
1644648160576 0.6734423041343689 65
1644648160642 0.6686388850212097 66
1644648160699 0.6650425791740417 67
1644648160758 0.6602993011474609 68
1644648160810 0.6566466093063354 69
1644648160860 0.6521170139312744 70
1644648160911 0.6487212181091309 71
1644648160961 0.6452702283859253 72
1644648161020 0.6407661437988281 73
1644648161071 0.6368815302848816 74
1644648161125 0.6342703700065613 75
1644648161174 0.630039632320404 76
1644648161225 0.6260687708854675 77
1644648161274 0.6232056021690369 78
1644648161370 0.6197755336761475 79
1644648161418 0.6156611442565918 80
1644648161483 0.6126119494438171 81
1644648161535 0.6086704730987549 82
1644648161583 0.6057866215705872 83
1644648161645 0.6026952266693115 84
1644648161707 0.599489152431488 85
1644648161781 0.596790075302124 86
1644648161834 0.5929245352745056 87
1644648161888 0.5899677872657776 88
1644648161938 0.586859405040741 89
1644648161993 0.5840126872062683 90
1644648162059 0.5809253454208374 91
1644648162111 0.5779837369918823 92
1644648162162 0.5756164193153381 93
1644648162213 0.5726523995399475 94
1644648162279 0.5719950795173645 95
1644648162349 0.5670199990272522 96
1644648162411 0.564612090587616 97
1644648162462 0.5621260404586792 98
1644648162513 0.5596051216125488 99
1644648162569 0.5573826432228088 100
1644648162642 0.5544301867485046 101
1644648162691 0.5524309277534485 102
1644648162745 0.5497729778289795 103
1644648162807 0.5471796989440918 104
1644648162857 0.5450670719146729 105
1644648162909 0.5427724123001099 106
1644648162972 0.5404629707336426 107
1644648163020 0.5381055474281311 108
1644648163075 0.5358216166496277 109
1644648163125 0.5339418649673462 110
1644648163189 0.5317795276641846 111
1644648163252 0.5291960835456848 112
1644648163326 0.5281088948249817 113
1644648163376 0.5254468321800232 114
1644648163437 0.5229660868644714 115
1644648163487 0.5215789675712585 116
1644648163537 0.5187481641769409 117
1644648163606 0.5175737738609314 118
1644648163673 0.5148924589157104 119
1644648163738 0.5138651728630066 120
1644648163791 0.5112688541412354 121
1644648163844 0.5097367763519287 122
1644648163907 0.5074869394302368 123
1644648163958 0.5060347318649292 124
1644648164023 0.5042302012443542 125
1644648164088 0.5033842921257019 126
1644648164139 0.5007826685905457 127
1644648164208 0.4999772012233734 128
1644648164264 0.49842461943626404 129
1644648164315 0.4967997074127197 130
1644648164368 0.4941885471343994 131
1644648164428 0.4921760559082031 132
1644648164477 0.4904610812664032 133
1644648164526 0.4886046350002289 134
1644648164592 0.48719239234924316 135
1644648164657 0.48623180389404297 136
1644648164714 0.48462849855422974 137
1644648164765 0.4824658930301666 138
1644648164815 0.48131152987480164 139
1644648164883 0.4792904555797577 140
1644648164933 0.47824937105178833 141
1644648164991 0.4762443006038666 142
1644648165042 0.47517314553260803 143
1644648165096 0.4736434519290924 144
1644648165152 0.4718985855579376 145
1644648165203 0.47029849886894226 146
1644648165267 0.46916916966438293 147
1644648165317 0.46771708130836487 148
1644648165381 0.4665628671646118 149
1644648165433 0.4656267762184143 150
1644648165491 0.46494433283805847 151
1644648165540 0.4637838900089264 152
1644648165596 0.46123504638671875 153
1644648165659 0.4594293236732483 154
1644648165721 0.4588686227798462 155
1644648165777 0.4569191634654999 156
1644648165826 0.4560447037220001 157
1644648165875 0.45471805334091187 158
1644648165937 0.4531651437282562 159
1644648165987 0.452846884727478 160
1644648166051 0.45114022493362427 161
1644648166119 0.44911861419677734 162
1644648166174 0.44814378023147583 163
1644648166224 0.4475652277469635 164
1644648166273 0.44527557492256165 165
1644648166333 0.44521522521972656 166
1644648166386 0.44293448328971863 167
1644648166435 0.4420400857925415 168
1644648166494 0.4407771825790405 169
1644648166544 0.43941056728363037 170
1644648166611 0.43791043758392334 171
1644648166675 0.4389232397079468 172
1644648166730 0.4352223575115204 173
1644648166780 0.43467262387275696 174
1644648166831 0.4335441589355469 175
1644648166900 0.4326615035533905 176
1644648166963 0.43070751428604126 177
1644648167030 0.430067241191864 178
1644648167094 0.429048091173172 179
1644648167157 0.4275977611541748 180
1644648167227 0.42646899819374084 181
1644648167279 0.42612940073013306 182
1644648167330 0.42461708188056946 183
1644648167396 0.4229238033294678 184
1644648167446 0.42289379239082336 185
1644648167528 0.42113298177719116 186
1644648167581 0.4213012158870697 187
1644648167631 0.419106662273407 188
1644648167682 0.41812586784362793 189
1644648167748 0.41601017117500305 190
1644648167809 0.4148121774196625 191
1644648167860 0.41406702995300293 192
1644648167910 0.4126582741737366 193
1644648167960 0.41224294900894165 194
1644648168011 0.4117356836795807 195
1644648168075 0.40978607535362244 196
1644648168150 0.4084530472755432 197
1644648168202 0.40742310881614685 198
1644648168264 0.40600237250328064 199
1644648168319 0.405463844537735 200
1644648168386 0.40366554260253906 201
1644648168434 0.40283384919166565 202
1644648168482 0.4015571177005768 203
1644648168550 0.4004180133342743 204
1644648168608 0.39930015802383423 205
1644648168675 0.3984907269477844 206
1644648168725 0.39791619777679443 207
1644648168774 0.3963371515274048 208
1644648168824 0.39507338404655457 209
1644648168873 0.3945651352405548 210
1644648168933 0.39306068420410156 211
1644648168983 0.39177340269088745 212
1644648169032 0.3914368152618408 213
1644648169098 0.3913819491863251 214
1644648169148 0.38926148414611816 215
1644648169213 0.38752931356430054 216
1644648169275 0.3871554732322693 217
1644648169338 0.3850362300872803 218
1644648169400 0.3848002254962921 219
1644648169468 0.3836801052093506 220
1644648169538 0.382526159286499 221
1644648169601 0.38185274600982666 222
1644648169650 0.3797051012516022 223
1644648169698 0.3789684772491455 224
1644648169760 0.37929773330688477 225
1644648169824 0.3770420551300049 226
1644648169875 0.3755134642124176 227
1644648169927 0.37479737401008606 228
1644648169989 0.37357842922210693 229
1644648170038 0.37233632802963257 230
1644648170103 0.371637225151062 231
1644648170157 0.37178197503089905 232
1644648170207 0.3713306784629822 233
1644648170257 0.36823946237564087 234
1644648170307 0.36753201484680176 235
1644648170356 0.3663114607334137 236
1644648170421 0.3649451732635498 237
1644648170476 0.3643266260623932 238
1644648170542 0.3628431558609009 239
1644648170607 0.36176055669784546 240
1644648170671 0.3608325719833374 241
1644648170723 0.35992878675460815 242
1644648170793 0.3587685227394104 243
1644648170845 0.3581998646259308 244
1644648170909 0.3574373126029968 245
1644648170973 0.35560083389282227 246
1644648171024 0.35502901673316956 247
1644648171083 0.3535063862800598 248
1644648171136 0.3531133234500885 249
1644648171185 0.3520902991294861 250
1644648171257 0.3503470718860626 251
1644648171308 0.3495303690433502 252
1644648171358 0.3483980596065521 253
1644648171427 0.3471049964427948 254
1644648171476 0.3464394807815552 255
1644648171531 0.3453441560268402 256
1644648171605 0.34458738565444946 257
1644648171670 0.34337037801742554 258
1644648171728 0.3420991003513336 259
1644648171791 0.3410968780517578 260
1644648171843 0.34001222252845764 261
1644648171907 0.34001851081848145 262
1644648171964 0.3381090760231018 263
1644648172021 0.33734947443008423 264
1644648172074 0.3365001976490021 265
1644648172127 0.3349836468696594 266
1644648172177 0.3342496454715729 267
1644648172251 0.3342023491859436 268
1644648172303 0.33261656761169434 269
1644648172355 0.3311830163002014 270
1644648172405 0.33018824458122253 271
1644648172457 0.32905516028404236 272
1644648172510 0.3284296691417694 273
1644648172585 0.3267434537410736 274
1644648172647 0.3261258006095886 275
1644648172700 0.32524481415748596 276
1644648172772 0.32407787442207336 277
1644648172844 0.3230246305465698 278
1644648172907 0.32228484749794006 279
1644648172955 0.32145267724990845 280
1644648173005 0.3201776146888733 281
1644648173076 0.3191455006599426 282
1644648173141 0.31844669580459595 283
1644648173191 0.3169083297252655 284
1644648173242 0.31580817699432373 285
1644648173292 0.3160146474838257 286
1644648173356 0.31739941239356995 287
1644648173407 0.31337761878967285 288
1644648173456 0.31198540329933167 289
1644648173505 0.3112216889858246 290
1644648173567 0.3102070093154907 291
1644648173615 0.30972352623939514 292
