1644727332140 1.074223518371582 0
1644727332217 1.0339224338531494 1
1644727332290 1.0079176425933838 2
1644727332361 0.982058584690094 3
1644727332417 0.9450329542160034 4
1644727332503 0.9083969593048096 5
1644727332577 0.8653403520584106 6
1644727332655 0.8265118598937988 7
1644727332728 0.7871374487876892 8
1644727332800 0.7482029795646667 9
1644727332872 0.7103108763694763 10
1644727332929 0.6835544109344482 11
1644727332997 0.6416505575180054 12
1644727333074 0.6295744776725769 13
1644727333146 0.6154296398162842 14
1644727333206 0.5916922688484192 15
1644727333277 0.583445131778717 16
1644727333365 0.566670298576355 17
1644727333447 0.555060625076294 18
1644727333522 0.5371710658073425 19
1644727333598 0.5244792103767395 20
1644727333691 0.5158116817474365 21
1644727333770 0.5041878819465637 22
1644727333831 0.4981643259525299 23
1644727333900 0.48389697074890137 24
1644727333974 0.47969481348991394 25
1644727334045 0.4676577150821686 26
1644727334118 0.45658743381500244 27
1644727334188 0.4445089101791382 28
1644727334259 0.44322267174720764 29
1644727334335 0.4390363097190857 30
1644727334397 0.45424944162368774 31
1644727334468 0.4152744710445404 32
1644727334555 0.4031006991863251 33
1644727334651 0.39934268593788147 34
1644727334722 0.39327532052993774 35
1644727334798 0.3812030255794525 36
1644727334863 0.3812062740325928 37
1644727334933 0.36616331338882446 38
1644727335019 0.36316174268722534 39
1644727335112 0.3646484911441803 40
1644727335202 0.34812361001968384 41
1644727335283 0.3485480844974518 42
1644727335342 0.334198921918869 43
1644727335407 0.33430951833724976 44
1644727335484 0.3311316967010498 45
1644727335566 0.32373782992362976 46
1644727335640 0.3020598292350769 47
1644727335705 0.2852809727191925 48
1644727335765 0.257438063621521 49
1644727335825 0.24606327712535858 50
1644727335904 0.22410409152507782 51
1644727335981 0.2066819965839386 52
1644727336055 0.21518070995807648 53
1644727336121 0.18702109158039093 54
1644727336178 0.18640640377998352 55
1644727336259 0.17886050045490265 56
1644727336326 0.2035519778728485 57
1644727336400 0.17914040386676788 58
1644727336469 0.1751875877380371 59
1644727336530 0.16742002964019775 60
1644727336616 0.15396073460578918 61
1644727336683 0.1569191962480545 62
1644727336763 0.15563198924064636 63
1644727336832 0.15596570074558258 64
1644727336895 0.15209642052650452 65
1644727336985 0.15355102717876434 66
1644727337062 0.14943547546863556 67
1644727337120 0.14427420496940613 68
1644727337200 0.1495015025138855 69
1644727337266 0.14385874569416046 70
1644727337336 0.13761527836322784 71
