1644727362489 1.259144902229309 0
1644727362550 1.1242616176605225 1
1644727362618 1.0741757154464722 2
1644727362680 1.050938367843628 3
1644727362759 1.0274713039398193 4
1644727362829 1.007190227508545 5
1644727362899 0.9877083897590637 6
1644727362955 0.966537356376648 7
1644727363030 0.9475709199905396 8
1644727363122 0.9285820722579956 9
1644727363196 0.9104059338569641 10
1644727363270 0.8879029154777527 11
1644727363360 0.867218017578125 12
1644727363449 0.8501377105712891 13
1644727363530 0.8374460339546204 14
1644727363609 0.8193560242652893 15
1644727363696 0.8031818866729736 16
1644727363780 0.7872742414474487 17
1644727363884 0.77735435962677 18
1644727363959 0.7601470351219177 19
1644727364036 0.7480211853981018 20
1644727364102 0.7380892634391785 21
1644727364192 0.7277688980102539 22
1644727364283 0.7245994806289673 23
1644727364376 0.7141653299331665 24
1644727364485 0.7090504169464111 25
1644727364558 0.6923773884773254 26
1644727364646 0.6888276934623718 27
1644727364730 0.6826645731925964 28
1644727364809 0.677836000919342 29
1644727364903 0.6727904677391052 30
1644727365010 0.6646186113357544 31
1644727365108 0.6506677865982056 32
1644727365194 0.6431825160980225 33
1644727365268 0.628511905670166 34
1644727365323 0.6219629645347595 35
1644727365378 0.6083924174308777 36
1644727365448 0.5996365547180176 37
1644727365530 0.5901257395744324 38
1644727365586 0.5796608924865723 39
1644727365647 0.5814500451087952 40
1644727365706 0.5624027252197266 41
1644727365780 0.5499694347381592 42
1644727365849 0.5395944714546204 43
1644727365917 0.5273993611335754 44
1644727365987 0.5169299244880676 45
1644727366066 0.5052229166030884 46
1644727366136 0.49364879727363586 47
1644727366206 0.48455730080604553 48
1644727366288 0.4734220504760742 49
1644727366357 0.46355465054512024 50
1644727366499 0.45734304189682007 51
1644727366577 0.43995651602745056 52
1644727366648 0.42366233468055725 53
1644727366716 0.40907150506973267 54
1644727366783 0.4031176269054413 55
1644727366849 0.38967365026474 56
1644727366905 0.3996675908565521 57
1644727366991 0.38224703073501587 58
1644727367066 0.36891284584999084 59
1644727367135 0.3729919493198395 60
1644727367211 0.3366455137729645 61
1644727367288 0.3353622853755951 62
1644727367357 0.324771523475647 63
1644727367432 0.32344332337379456 64
1644727367500 0.32344433665275574 65
1644727367566 0.2967968285083771 66
1644727367637 0.2954980134963989 67
1644727367695 0.2846127152442932 68
1644727367770 0.31355324387550354 69
1644727367823 0.3000350892543793 70
1644727367892 0.2605721056461334 71
1644727367964 0.2717956006526947 72
1644727368018 0.2804856598377228 73
1644727368075 0.2545492947101593 74
1644727368148 0.2515541911125183 75
1644727368221 0.2546914517879486 76
1644727368286 0.23378288745880127 77
1644727368379 0.227007657289505 78
1644727368452 0.23430785536766052 79
1644727368533 0.24321569502353668 80
1644727368624 0.23406556248664856 81
1644727368698 0.2449769526720047 82
1644727368770 0.22611887753009796 83
1644727368860 0.20547398924827576 84
1644727368931 0.1976175606250763 85
1644727369006 0.215744748711586 86
1644727369073 0.19378149509429932 87
1644727369151 0.19949379563331604 88
1644727369220 0.1678624153137207 89
1644727369312 0.17756564915180206 90
1644727369387 0.1698155701160431 91
1644727369440 0.13916710019111633 92
1644727369506 0.13540561497211456 93
1644727369584 0.13015244901180267 94
1644727369655 0.15851232409477234 95
1644727369721 0.11350688338279724 96
1644727369789 0.14828059077262878 97
1644727369845 0.1454821527004242 98
1644727369913 0.11984981596469879 99
1644727369989 0.11130654066801071 100
1644727370064 0.10016489028930664 101
1644727370121 0.14435286819934845 102
1644727370174 0.12484472990036011 103
1644727370243 0.10805108398199081 104
1644727370316 0.10080059617757797 105
1644727370370 0.09898393601179123 106
1644727370439 0.10043934732675552 107
1644727370512 0.09321977943181992 108
1644727370584 0.10106448829174042 109
1644727370650 0.10790520906448364 110
1644727370710 0.09008532017469406 111
1644727370776 0.09072919934988022 112
1644727370835 0.09493082761764526 113
1644727370912 0.09277548640966415 114
1644727370986 0.10949911177158356 115
1644727371057 0.0999877080321312 116
1644727371116 0.09098105132579803 117
1644727371191 0.08703702688217163 118
1644727371270 0.08201955258846283 119
1644727371344 0.09590432792901993 120
1644727371416 0.11174709349870682 121
1644727371499 0.1139543205499649 122
1644727371574 0.09738999605178833 123
1644727371649 0.11134439706802368 124
1644727371720 0.08895634859800339 125
1644727371796 0.09287786483764648 126
1644727371875 0.08774732053279877 127
1644727371969 0.13547828793525696 128
1644727372038 0.09305395931005478 129
1644727372125 0.09100984781980515 130
