1644124806350 391.13580322265625 0
1644124811862 24.63062858581543 1
1644124817642 3.62233829498291 2
1644124823085 2.596198081970215 3
1644124828390 1.0299073457717896 4
1644124834208 1.0148178339004517 5
1644124839654 0.9895477294921875 6
1644124845060 0.8328757286071777 7
1644124850418 0.9426038861274719 8
1644124856280 0.7754456400871277 9
1644124862010 0.6734212040901184 10
1644124867797 0.8156432509422302 11
1644124873108 0.6441519856452942 12
1644124879087 0.6309942007064819 13
1644124885345 0.5910453200340271 14
1644124892176 0.583063006401062 15
1644124898917 0.6592724919319153 16
1644124905055 0.6305285692214966 17
1644124910575 0.5648695230484009 18
1644124915923 0.5649788975715637 19
1644124921209 0.5511626601219177 20
1644124926920 0.5368291735649109 21
1644124932659 0.5316941738128662 22
1644124938430 0.5355697870254517 23
1644124943802 0.5241464376449585 24
1644124949136 0.5303274989128113 25
1644124954461 0.5244206190109253 26
1644124960282 0.5272359848022461 27
1644124965628 0.5131093859672546 28
1644124971395 0.5213348865509033 29
1644124976748 0.5300307273864746 30
1644124982588 0.516668975353241 31
1644124988353 0.505573570728302 32
1644124993802 0.5127562880516052 33
1644124999129 0.5104778409004211 34
1644125004743 0.5047494769096375 35
1644125010999 0.515326976776123 36
1644125017934 0.4995132386684418 37
