1644727223179 1.7496213912963867 0
1644727223247 1.3654853105545044 1
1644727223323 1.1856212615966797 2
1644727223397 1.0675534009933472 3
1644727223454 0.9977271556854248 4
1644727223528 0.9754992723464966 5
1644727223591 0.9543613195419312 6
1644727223650 0.9313433766365051 7
1644727223706 0.9073290824890137 8
1644727223773 0.8811297416687012 9
1644727223836 0.8573483824729919 10
1644727223904 0.8388827443122864 11
1644727223971 0.8156010508537292 12
1644727224044 0.7951170802116394 13
1644727224114 0.7761837840080261 14
1644727224190 0.7545148730278015 15
1644727224240 0.7348326444625854 16
1644727224303 0.713913083076477 17
1644727224364 0.6926159858703613 18
1644727224431 0.6698470115661621 19
1644727224495 0.6470364332199097 20
1644727224548 0.6244566440582275 21
1644727224614 0.602044939994812 22
1644727224683 0.5814304947853088 23
1644727224747 0.5602319240570068 24
1644727224799 0.5366491675376892 25
1644727224848 0.5108235478401184 26
1644727224902 0.4864812195301056 27
1644727224960 0.4613976776599884 28
1644727225023 0.4443756639957428 29
1644727225088 0.43011394143104553 30
1644727225144 0.41004058718681335 31
1644727225193 0.3872465491294861 32
1644727225266 0.37001872062683105 33
1644727225316 0.3512648046016693 34
1644727225366 0.33957967162132263 35
1644727225418 0.3238150179386139 36
1644727225482 0.3117135167121887 37
1644727225552 0.2954494059085846 38
1644727225613 0.28983473777770996 39
1644727225667 0.2855531871318817 40
1644727225730 0.2670614719390869 41
1644727225796 0.2626829147338867 42
1644727225851 0.24278926849365234 43
1644727225918 0.23932597041130066 44
1644727225967 0.23160383105278015 45
1644727226032 0.22537600994110107 46
1644727226084 0.21928805112838745 47
1644727226145 0.21292340755462646 48
1644727226199 0.206403911113739 49
1644727226261 0.20528800785541534 50
1644727226316 0.19935031235218048 51
1644727226370 0.18901051580905914 52
1644727226422 0.18764923512935638 53
1644727226497 0.1781349778175354 54
1644727226549 0.18354348838329315 55
1644727226618 0.18805834650993347 56
1644727226684 0.17098334431648254 57
1644727226773 0.1705339550971985 58
1644727226842 0.18191713094711304 59
1644727226909 0.16676075756549835 60
1644727226982 0.16156145930290222 61
1644727227064 0.15885840356349945 62
1644727227159 0.15544550120830536 63
1644727227240 0.1578504592180252 64
1644727227305 0.16108128428459167 65
1644727227384 0.15231192111968994 66
1644727227461 0.14863207936286926 67
1644727227529 0.14789578318595886 68
1644727227609 0.15144230425357819 69
1644727227696 0.148479163646698 70
1644727227762 0.13936202228069305 71
1644727227873 0.14387941360473633 72
1644727227940 0.14431624114513397 73
1644727228013 0.1404852718114853 74
1644727228087 0.1389210969209671 75
1644727228167 0.13459989428520203 76
1644727228251 0.13665960729122162 77
1644727228335 0.13856764137744904 78
1644727228418 0.1323520392179489 79
1644727228490 0.13772551715373993 80
1644727228565 0.15150770545005798 81
1644727228657 0.13083966076374054 82
1644727228724 0.13086433708667755 83
1644727228793 0.12896192073822021 84
1644727228857 0.12186849862337112 85
1644727228941 0.13755132257938385 86
1644727229018 0.12849849462509155 87
1644727229093 0.12620317935943604 88
1644727229158 0.12454000115394592 89
1644727229267 0.12250936776399612 90
1644727229352 0.12453430145978928 91
1644727229432 0.11778513342142105 92
1644727229547 0.11719270795583725 93
1644727229616 0.11903205513954163 94
1644727229695 0.12174703180789948 95
1644727229779 0.11603676527738571 96
1644727229861 0.1261490285396576 97
1644727229935 0.12640726566314697 98
1644727230002 0.11828624457120895 99
1644727230070 0.11532040685415268 100
1644727230134 0.11414681375026703 101
1644727230191 0.12416256964206696 102
1644727230274 0.11128932982683182 103
1644727230350 0.11490663141012192 104
1644727230421 0.11168108880519867 105
1644727230477 0.11755000054836273 106
1644727230557 0.11266860365867615 107
1644727230627 0.11119028180837631 108
1644727230691 0.11025333404541016 109
1644727230762 0.11452795565128326 110
1644727230825 0.11044689267873764 111
1644727230891 0.11357955634593964 112
1644727230960 0.10411795973777771 113
1644727231038 0.11253027617931366 114
1644727231110 0.11237553507089615 115
1644727231172 0.11026497930288315 116
1644727231241 0.10607284307479858 117
1644727231327 0.10753852128982544 118
1644727231401 0.10695213079452515 119
1644727231480 0.11854815483093262 120
1644727231555 0.10340537130832672 121
1644727231630 0.11334995925426483 122
1644727231743 0.11074286699295044 123
1644727231824 0.10996884107589722 124
1644727231906 0.10815265029668808 125
1644727231996 0.10547913610935211 126
1644727232072 0.10374366492033005 127
1644727232144 0.11033355444669724 128
1644727232214 0.10243448615074158 129
1644727232289 0.10415692627429962 130
1644727232383 0.10221155732870102 131
1644727232471 0.1037333682179451 132
1644727232544 0.10450289398431778 133
1644727232616 0.10548712313175201 134
1644727232692 0.10308521240949631 135
1644727232772 0.10791684687137604 136
1644727232830 0.1046631708741188 137
1644727232900 0.1049496978521347 138
1644727232977 0.10496605932712555 139
1644727233058 0.10194305330514908 140
1644727233132 0.1007465049624443 141
1644727233216 0.1017860472202301 142
1644727233309 0.09756024926900864 143
1644727233400 0.10068633407354355 144
1644727233487 0.09942219406366348 145
1644727233576 0.10364493727684021 146
1644727233664 0.10617756843566895 147
1644727233790 0.1004498228430748 148
1644727233873 0.10047026723623276 149
1644727233954 0.10479725152254105 150
1644727234033 0.10583142191171646 151
1644727234121 0.10638787597417831 152
1644727234205 0.09654242545366287 153
1644727234282 0.10587483644485474 154
1644727234377 0.10113345831632614 155
1644727234470 0.12700648605823517 156
1644727234549 0.09621082246303558 157
1644727234605 0.10062199831008911 158
1644727234670 0.09666614234447479 159
1644727234726 0.09742218255996704 160
1644727234780 0.09901250898838043 161
1644727234831 0.09438053518533707 162
1644727234896 0.09211593866348267 163
1644727234963 0.09608803689479828 164
1644727235026 0.09675181657075882 165
1644727235100 0.09417403489351273 166
1644727235152 0.11940617859363556 167
1644727235208 0.09703679382801056 168
1644727235267 0.09128472954034805 169
1644727235322 0.10374890267848969 170
