1644651163933 1.270021677017212 0
1644651163988 1.1380749940872192 1
1644651164057 1.086654543876648 2
1644651164112 1.0642139911651611 3
1644651164181 1.0520581007003784 4
1644651164257 1.033325433731079 5
1644651164330 1.0192686319351196 6
1644651164399 0.9977948069572449 7
1644651164458 0.9747085571289062 8
1644651164523 0.953131377696991 9
1644651164580 0.928666889667511 10
1644651164651 0.9052695035934448 11
1644651164717 0.8809869885444641 12
1644651164789 0.8587095141410828 13
1644651164863 0.8381735682487488 14
1644651164935 0.8200894594192505 15
1644651164992 0.8036242127418518 16
1644651165070 0.7924413084983826 17
1644651165141 0.7769229412078857 18
1644651165200 0.766567051410675 19
1644651165270 0.7615732550621033 20
1644651165353 0.7495737075805664 21
1644651165421 0.7453539967536926 22
1644651165490 0.7388250827789307 23
1644651165546 0.726394534111023 24
1644651165605 0.7215282917022705 25
1644651165665 0.7207538485527039 26
1644651165735 0.7074780464172363 27
1644651165804 0.6991354823112488 28
1644651165876 0.6926595568656921 29
1644651165938 0.6786210536956787 30
1644651166008 0.6776313185691833 31
1644651166086 0.6727842688560486 32
1644651166153 0.6592400670051575 33
1644651166223 0.6479533910751343 34
1644651166290 0.6450427174568176 35
1644651166354 0.6284216046333313 36
1644651166411 0.6164370775222778 37
1644651166468 0.6110761165618896 38
1644651166530 0.5895851850509644 39
1644651166600 0.5813072323799133 40
1644651166657 0.5638575553894043 41
1644651166715 0.5449755191802979 42
1644651166789 0.5283372402191162 43
1644651166852 0.5165495872497559 44
1644651166920 0.4989680349826813 45
1644651166983 0.4852353632450104 46
1644651167056 0.4729255139827728 47
1644651167127 0.44867920875549316 48
1644651167201 0.434142529964447 49
1644651167265 0.4221831262111664 50
1644651167340 0.40106773376464844 51
1644651167410 0.40686625242233276 52
1644651167485 0.39559632539749146 53
1644651167554 0.36056193709373474 54
1644651167622 0.35501864552497864 55
1644651167691 0.33589619398117065 56
1644651167759 0.3264766037464142 57
1644651167818 0.3280353844165802 58
1644651167893 0.3102473318576813 59
1644651167950 0.3078955113887787 60
1644651168020 0.27448880672454834 61
1644651168080 0.2667103409767151 62
1644651168138 0.27482151985168457 63
1644651168212 0.2546454071998596 64
1644651168268 0.2542578876018524 65
1644651168323 0.2450398951768875 66
1644651168410 0.25129884481430054 67
1644651168464 0.22412070631980896 68
1644651168532 0.22981244325637817 69
1644651168590 0.22870229184627533 70
1644651168649 0.2841574251651764 71
1644651168710 0.20670250058174133 72
1644651168767 0.24127942323684692 73
1644651168836 0.2183935046195984 74
1644651168899 0.20310081541538239 75
1644651168967 0.20606791973114014 76
1644651169041 0.19523365795612335 77
1644651169102 0.19372615218162537 78
1644651169157 0.17626139521598816 79
1644651169214 0.19302597641944885 80
1644651169282 0.20458580553531647 81
1644651169358 0.1798100769519806 82
1644651169421 0.16338206827640533 83
1644651169478 0.16902819275856018 84
1644651169532 0.16395194828510284 85
1644651169603 0.15793031454086304 86
1644651169663 0.18273374438285828 87
1644651169732 0.16303886473178864 88
1644651169800 0.1608392298221588 89
1644651169860 0.16621491312980652 90
1644651169916 0.1642201691865921 91
1644651169990 0.14804428815841675 92
1644651170057 0.14222221076488495 93
1644651170120 0.15180882811546326 94
1644651170178 0.15267738699913025 95
1644651170248 0.16718193888664246 96
1644651170323 0.1351606547832489 97
1644651170392 0.14423774182796478 98
1644651170452 0.13295328617095947 99
1644651170536 0.12470310181379318 100
1644651170595 0.12656497955322266 101
1644651170668 0.12991687655448914 102
1644651170739 0.12694351375102997 103
1644651170812 0.12516875565052032 104
1644651170874 0.12916219234466553 105
1644651170941 0.11628565192222595 106
1644651171010 0.11777834594249725 107
1644651171074 0.10726501792669296 108
1644651171129 0.123607337474823 109
1644651171202 0.11714577674865723 110
1644651171256 0.10891164839267731 111
1644651171320 0.11469374597072601 112
1644651171391 0.12286856025457382 113
1644651171457 0.11441221833229065 114
1644651171523 0.10435289144515991 115
