1644726984729 1.4632803201675415 0
1644726984794 1.1512891054153442 1
1644726984851 0.9478763341903687 2
1644726984900 0.8274315595626831 3
1644726984952 0.7285908460617065 4
1644726985014 0.6684553027153015 5
1644726985066 0.6245533227920532 6
1644726985129 0.5939192175865173 7
1644726985193 0.5736365914344788 8
1644726985254 0.5541321039199829 9
1644726985311 0.5406292676925659 10
1644726985384 0.5288488268852234 11
1644726985438 0.5172401070594788 12
1644726985502 0.5077506899833679 13
1644726985568 0.5023875832557678 14
1644726985627 0.49004727602005005 15
1644726985677 0.48230215907096863 16
1644726985742 0.47200217843055725 17
1644726985807 0.4662267565727234 18
1644726985873 0.45611390471458435 19
1644726985930 0.4479067623615265 20
1644726985993 0.44071751832962036 21
1644726986058 0.43294188380241394 22
1644726986123 0.4292573928833008 23
1644726986188 0.4203881323337555 24
1644726986262 0.41574826836586 25
1644726986326 0.40606358647346497 26
1644726986391 0.402471125125885 27
1644726986444 0.3968273401260376 28
1644726986497 0.3915167450904846 29
1644726986562 0.39104634523391724 30
1644726986608 0.37873390316963196 31
1644726986661 0.37541043758392334 32
1644726986726 0.3703179955482483 33
1644726986774 0.3637024462223053 34
1644726986833 0.3579021394252777 35
1644726986895 0.35335206985473633 36
1644726986957 0.34754320979118347 37
1644726987005 0.3426019251346588 38
1644726987060 0.34024563431739807 39
1644726987119 0.3386308550834656 40
1644726987180 0.33042463660240173 41
1644726987225 0.32468345761299133 42
1644726987285 0.3212965428829193 43
1644726987350 0.3172755837440491 44
1644726987395 0.3143281042575836 45
1644726987440 0.30986687541007996 46
1644726987484 0.3055284917354584 47
1644726987529 0.301501601934433 48
1644726987578 0.29787176847457886 49
1644726987626 0.2962552607059479 50
1644726987680 0.2901856303215027 51
1644726987740 0.2875172793865204 52
1644726987789 0.2856590747833252 53
1644726987838 0.2801298201084137 54
1644726987884 0.2780442237854004 55
1644726987943 0.2773398756980896 56
1644726988002 0.26866528391838074 57
1644726988050 0.2718987464904785 58
1644726988108 0.26570868492126465 59
1644726988173 0.2629595398902893 60
1644726988220 0.25930413603782654 61
1644726988272 0.2555857300758362 62
1644726988321 0.2533314526081085 63
1644726988371 0.2517319321632385 64
1644726988447 0.2486378401517868 65
1644726988497 0.24517172574996948 66
1644726988549 0.24326232075691223 67
1644726988606 0.24138709902763367 68
1644726988674 0.2390274703502655 69
1644726988738 0.23649194836616516 70
1644726988811 0.23475992679595947 71
1644726988868 0.23294328153133392 72
1644726988921 0.2324247807264328 73
1644726988989 0.22791846096515656 74
1644726989070 0.2241998165845871 75
1644726989134 0.22272656857967377 76
1644726989193 0.22110502421855927 77
1644726989243 0.2192486971616745 78
1644726989304 0.21570365130901337 79
1644726989365 0.21551929414272308 80
1644726989416 0.21399414539337158 81
1644726989472 0.21028874814510345 82
1644726989524 0.2108006477355957 83
1644726989569 0.20686353743076324 84
1644726989628 0.20434363186359406 85
1644726989675 0.20510834455490112 86
1644726989734 0.20241649448871613 87
1644726989811 0.2002408653497696 88
1644726989856 0.1989334225654602 89
1644726989902 0.20139048993587494 90
1644726989948 0.1962200552225113 91
1644726990009 0.1938800811767578 92
1644726990057 0.19150832295417786 93
1644726990109 0.19103935360908508 94
1644726990155 0.1901707947254181 95
1644726990214 0.18783466517925262 96
1644726990261 0.18860439956188202 97
1644726990323 0.1869461089372635 98
1644726990384 0.18348614871501923 99
1644726990444 0.18238846957683563 100
1644726990490 0.18132337927818298 101
1644726990548 0.18438103795051575 102
1644726990606 0.1778998076915741 103
1644726990657 0.1774595081806183 104
1644726990704 0.17574584484100342 105
1644726990751 0.17566059529781342 106
1644726990810 0.1742846667766571 107
1644726990859 0.1727662831544876 108
1644726990912 0.17264889180660248 109
1644726990971 0.1710217148065567 110
1644726991031 0.16919240355491638 111
1644726991092 0.16940395534038544 112
1644726991140 0.16706641018390656 113
1644726991193 0.16774073243141174 114
1644726991255 0.1644318401813507 115
1644726991301 0.1660364419221878 116
1644726991347 0.16419538855552673 117
1644726991397 0.16306903958320618 118
1644726991447 0.16114541888237 119
1644726991507 0.16324357688426971 120
1644726991558 0.15883216261863708 121
1644726991621 0.16073262691497803 122
1644726991684 0.15949982404708862 123
1644726991737 0.1603490710258484 124
1644726991787 0.1564844697713852 125
1644726991836 0.15528912842273712 126
1644726991884 0.1559574007987976 127
1644726991933 0.15578457713127136 128
1644726991986 0.15326987206935883 129
1644726992049 0.15178459882736206 130
1644726992099 0.1512407660484314 131
1644726992162 0.15025226771831512 132
1644726992232 0.1497296690940857 133
1644726992303 0.15096819400787354 134
1644726992371 0.15245191752910614 135
1644726992430 0.1486433744430542 136
1644726992493 0.1486177295446396 137
1644726992554 0.14672911167144775 138
1644726992625 0.14701248705387115 139
1644726992674 0.14473429322242737 140
1644726992736 0.1460018903017044 141
1644726992786 0.14412018656730652 142
1644726992841 0.14267006516456604 143
1644726992888 0.14380748569965363 144
1644726992936 0.14158256351947784 145
1644726993003 0.1428787112236023 146
1644726993069 0.14483049511909485 147
1644726993133 0.13951317965984344 148
1644726993180 0.1412811577320099 149
1644726993232 0.14349809288978577 150
1644726993305 0.1434665471315384 151
1644726993359 0.1392316073179245 152
1644726993422 0.1373070627450943 153
1644726993482 0.1392938643693924 154
1644726993539 0.13851626217365265 155
1644726993591 0.1452246904373169 156
1644726993645 0.1343347132205963 157
1644726993695 0.13612167537212372 158
1644726993763 0.13494785130023956 159
1644726993814 0.13497702777385712 160
1644726993866 0.13474437594413757 161
1644726993936 0.1327562779188156 162
1644726993985 0.13287337124347687 163
1644726994035 0.1321738213300705 164
1644726994097 0.13184387981891632 165
1644726994145 0.1317775994539261 166
1644726994198 0.1348341703414917 167
1644726994274 0.1293940246105194 168
1644726994323 0.13100194931030273 169
1644726994387 0.13063594698905945 170
1644726994453 0.12885800004005432 171
1644726994512 0.12787146866321564 172
1644726994580 0.12742413580417633 173
1644726994635 0.12718753516674042 174
1644726994686 0.1277247667312622 175
1644726994738 0.12770427763462067 176
1644726994789 0.12983053922653198 177
1644726994849 0.1276208609342575 178
1644726994912 0.1255231499671936 179
1644726994966 0.12913165986537933 180
1644726995028 0.12592925131320953 181
1644726995099 0.12778785824775696 182
1644726995177 0.12631109356880188 183
1644726995244 0.12427444756031036 184
1644726995295 0.1246555894613266 185
1644726995355 0.12256692349910736 186
1644726995417 0.12266910821199417 187
1644726995482 0.12264004349708557 188
1644726995550 0.12778685986995697 189
1644726995614 0.12205807119607925 190
1644726995680 0.12478067725896835 191
1644726995728 0.12180258333683014 192
1644726995790 0.11972930282354355 193
1644726995847 0.12172763794660568 194
1644726995910 0.12106778472661972 195
1644726995968 0.11907047033309937 196
1644726996033 0.12288109213113785 197
1644726996097 0.12106791883707047 198
1644726996159 0.11974378675222397 199
1644726996207 0.12227781862020493 200
1644726996289 0.11788584291934967 201
1644726996353 0.11832902580499649 202
1644726996404 0.11728116124868393 203
1644726996461 0.12020113319158554 204
1644726996535 0.11713199317455292 205
1644726996587 0.11724743247032166 206
1644726996637 0.11834662407636642 207
1644726996697 0.11792828142642975 208
1644726996750 0.11542364209890366 209
1644726996796 0.11493252217769623 210
1644726996842 0.11673238128423691 211
1644726996891 0.11659955978393555 212
1644726996949 0.11795113980770111 213
1644726997002 0.11802558600902557 214
1644726997066 0.1271241456270218 215
1644726997126 0.12108347564935684 216
1644726997179 0.11360237747430801 217
1644726997239 0.11381769180297852 218
1644726997309 0.11341625452041626 219
1644726997355 0.11258169263601303 220
1644726997413 0.11371894180774689 221
1644726997463 0.11387959867715836 222
1644726997523 0.11277860403060913 223
1644726997589 0.11241910606622696 224
1644726997658 0.1141291931271553 225
1644726997706 0.11196866631507874 226
1644726997767 0.11194668710231781 227
1644726997821 0.11335448175668716 228
1644726997885 0.11086945235729218 229
1644726997948 0.11219154298305511 230
1644726997999 0.11221137642860413 231
1644726998049 0.11091750115156174 232
1644726998124 0.1110180988907814 233
1644726998179 0.11146172136068344 234
1644726998234 0.11318525671958923 235
1644726998314 0.11016117036342621 236
1644726998366 0.11419226974248886 237
1644726998429 0.10939310491085052 238
1644726998491 0.10878875106573105 239
1644726998556 0.10913985967636108 240
1644726998615 0.10960632562637329 241
1644726998663 0.10957993566989899 242
1644726998725 0.1124287024140358 243
1644726998776 0.11638492345809937 244
1644726998836 0.10928922891616821 245
1644726998906 0.10710397362709045 246
1644726998971 0.10802125930786133 247
1644726999020 0.11305234581232071 248
1644726999067 0.10948139429092407 249
1644726999121 0.11177810281515121 250
1644726999169 0.1101011112332344 251
1644726999226 0.10633812844753265 252
1644726999295 0.10955255478620529 253
1644726999397 0.10812217742204666 254
1644726999661 0.10676918923854828 255
1644726999884 0.10650437325239182 256
1644727000028 0.10719232261180878 257
1644727000087 0.10691764205694199 258
1644727000138 0.1073407232761383 259
1644727000185 0.10850533843040466 260
1644727000229 0.10477488487958908 261
1644727000276 0.10714291036128998 262
1644727000346 0.10559331625699997 263
1644727000392 0.10426078736782074 264
1644727000440 0.1047823578119278 265
1644727000486 0.10383321344852448 266
1644727000544 0.10677725076675415 267
1644727000604 0.10467984527349472 268
1644727000653 0.1058998554944992 269
1644727000700 0.1035093367099762 270
1644727000750 0.1078575998544693 271
1644727000796 0.10617424547672272 272
1644727000845 0.1053633838891983 273
1644727000906 0.10341209173202515 274
1644727000967 0.10329087823629379 275
1644727001028 0.10631047934293747 276
1644727001090 0.10299500077962875 277
1644727001153 0.10265356302261353 278
1644727001223 0.10643360763788223 279
1644727001282 0.10267732292413712 280
1644727001345 0.10259948670864105 281
1644727001396 0.10410843789577484 282
1644727001442 0.1035318598151207 283
1644727001489 0.10168352723121643 284
1644727001536 0.10175436735153198 285
1644727001598 0.10794240236282349 286
1644727001670 0.10038722306489944 287
1644727001722 0.10492262244224548 288
1644727001768 0.10231087356805801 289
1644727001835 0.10138648003339767 290
1644727001881 0.10108675062656403 291
1644727001942 0.10285978019237518 292
1644727001997 0.10076864808797836 293
1644727002057 0.10037203878164291 294
1644727002109 0.1025417298078537 295
1644727002154 0.10097302496433258 296
1644727002200 0.10197821259498596 297
1644727002260 0.1020352691411972 298
1644727002324 0.09956249594688416 299
1644727002374 0.10250461846590042 300
1644727002443 0.09870589524507523 301
1644727002503 0.110260009765625 302
1644727002562 0.09896473586559296 303
1644727002630 0.10129667818546295 304
1644727002682 0.0987904891371727 305
1644727002742 0.10052446275949478 306
1644727002807 0.10237724334001541 307
1644727002855 0.0992719903588295 308
1644727002914 0.09907945990562439 309
1644727002977 0.10345034301280975 310
1644727003042 0.09868647158145905 311
1644727003091 0.09856182336807251 312
1644727003155 0.09836389869451523 313
1644727003212 0.09980835020542145 314
1644727003276 0.10054203122854233 315
1644727003327 0.09808234870433807 316
1644727003379 0.09823843091726303 317
1644727003428 0.0982009693980217 318
1644727003477 0.10202832520008087 319
1644727003549 0.09760119765996933 320
1644727003613 0.10069244354963303 321
1644727003668 0.09720069915056229 322
1644727003722 0.09872712194919586 323
1644727003770 0.09788525849580765 324
1644727003832 0.09915546327829361 325
1644727003880 0.1038326770067215 326
1644727003932 0.0949997678399086 327
1644727003982 0.10011239349842072 328
1644727004040 0.09712370485067368 329
1644727004089 0.09702545404434204 330
1644727004155 0.09728652238845825 331
1644727004221 0.09781002998352051 332
1644727004286 0.10206049680709839 333
1644727004342 0.10470734536647797 334
1644727004396 0.09874434769153595 335
1644727004467 0.10031667351722717 336
1644727004519 0.09656249731779099 337
1644727004571 0.0960652157664299 338
1644727004633 0.09758971631526947 339
1644727004698 0.09483777731657028 340
1644727004763 0.09708931297063828 341
1644727004826 0.09594334661960602 342
1644727004872 0.09625113755464554 343
1644727004919 0.10432789474725723 344
1644727004971 0.09380694478750229 345
1644727005032 0.09777276962995529 346
1644727005077 0.0980226993560791 347
1644727005138 0.09479212015867233 348
1644727005184 0.09525047987699509 349
1644727005247 0.09772543609142303 350
1644727005295 0.10022642463445663 351
1644727005355 0.09520407021045685 352
1644727005403 0.0940808653831482 353
1644727005472 0.09498745203018188 354
1644727005533 0.0939449742436409 355
1644727005587 0.09387274831533432 356
1644727005634 0.09433525055646896 357
1644727005682 0.09444870799779892 358
1644727005746 0.09388154000043869 359
1644727005792 0.09642068296670914 360
1644727005852 0.09371976554393768 361
1644727005921 0.10118547081947327 362
1644727005968 0.09573370963335037 363
1644727006032 0.09401407837867737 364
1644727006080 0.09507960081100464 365
1644727006139 0.09580004960298538 366
1644727006186 0.09845110028982162 367
1644727006234 0.09682200849056244 368
1644727006292 0.09362105280160904 369
1644727006345 0.09396260976791382 370
1644727006411 0.09515403211116791 371
1644727006459 0.0929521769285202 372
1644727006509 0.09448391199111938 373
1644727006576 0.09305635094642639 374
1644727006626 0.0949622392654419 375
1644727006687 0.09302106499671936 376
1644727006741 0.09597878158092499 377
1644727006796 0.09322941303253174 378
1644727006860 0.0934574082493782 379
1644727006922 0.09388710558414459 380
1644727006991 0.09301871806383133 381
1644727007055 0.0994478166103363 382
1644727007119 0.09469420462846756 383
1644727007181 0.09582611173391342 384
1644727007236 0.09216590225696564 385
1644727007291 0.09325932711362839 386
1644727007353 0.09286388009786606 387
1644727007421 0.09379640221595764 388
1644727007485 0.0982009768486023 389
1644727007550 0.09463442862033844 390
1644727007603 0.09365800768136978 391
1644727007658 0.09263038635253906 392
1644727007722 0.09109193086624146 393
1644727007792 0.09314288198947906 394
1644727007842 0.0973387211561203 395
1644727007909 0.09719309210777283 396
1644727007958 0.09411216527223587 397
1644727008020 0.09063266962766647 398
1644727008074 0.0939316377043724 399
1644727008121 0.09291374683380127 400
1644727008176 0.09142252057790756 401
1644727008238 0.089576855301857 402
1644727008311 0.09082154929637909 403
1644727008374 0.09661581367254257 404
1644727008438 0.0951152816414833 405
1644727008495 0.09242568165063858 406
1644727008562 0.09335056692361832 407
1644727008710 0.09140829741954803 408
1644727008921 0.09023252129554749 409
1644727009133 0.09208521246910095 410
1644727009294 0.09032930433750153 411
1644727009342 0.09180362522602081 412
1644727009405 0.09132099151611328 413
1644727009460 0.0902169719338417 414
1644727009522 0.09107128530740738 415
1644727009584 0.09025102853775024 416
1644727009644 0.09010454267263412 417
1644727009695 0.09080513566732407 418
1644727009748 0.09142784029245377 419
1644727009920 0.0914091244339943 420
1644727010127 0.0901600793004036 421
1644727010394 0.09061362594366074 422
1644727010443 0.09110479801893234 423
1644727010497 0.09121520817279816 424
1644727010545 0.08978649228811264 425
1644727010593 0.09174782037734985 426
1644727010653 0.09477823227643967 427
1644727010714 0.0902065858244896 428
1644727010763 0.09013205766677856 429
1644727010824 0.09168054163455963 430
1644727010899 0.0900227427482605 431
1644727010963 0.08923567086458206 432
1644727011009 0.08969879895448685 433
1644727011058 0.08999559283256531 434
1644727011127 0.09149172157049179 435
1644727011187 0.08962741494178772 436
1644727011250 0.10245559364557266 437
1644727011299 0.09187772125005722 438
1644727011345 0.09203435480594635 439
1644727011412 0.08850973844528198 440
1644727011474 0.09068507701158524 441
1644727011525 0.09074482321739197 442
1644727011584 0.08898746222257614 443
1644727011632 0.0874844640493393 444
1644727011685 0.08929994702339172 445
1644727011738 0.08883889019489288 446
1644727011800 0.08990957587957382 447
1644727011861 0.09686179459095001 448
1644727011919 0.0895107313990593 449
1644727011964 0.0904349535703659 450
1644727012010 0.09274508059024811 451
1644727012061 0.09976447373628616 452
1644727012122 0.0890425592660904 453
1644727012184 0.08817139267921448 454
1644727012234 0.0900295227766037 455
1644727012293 0.08805928379297256 456
1644727012369 0.08876335620880127 457
1644727012419 0.09173721075057983 458
1644727012465 0.0884290337562561 459
1644727012518 0.09649985283613205 460
1644727012578 0.0887468010187149 461
1644727012630 0.08780493587255478 462
1644727012690 0.08799074590206146 463
1644727012738 0.08880472928285599 464
1644727012787 0.0888640284538269 465
1644727012838 0.08759342133998871 466
1644727012898 0.09289161115884781 467
1644727012973 0.08763761073350906 468
1644727013023 0.08942320942878723 469
1644727013074 0.08928780257701874 470
1644727013133 0.0885089561343193 471
1644727013198 0.08987011015415192 472
1644727013255 0.09101463109254837 473
1644727013310 0.08993114531040192 474
1644727013373 0.08736550062894821 475
1644727013431 0.08833390474319458 476
1644727013479 0.09062155336141586 477
1644727013542 0.08914817869663239 478
1644727013607 0.08772272616624832 479
1644727013673 0.08797723799943924 480
1644727013752 0.08815770596265793 481
1644727013826 0.09006562829017639 482
1644727013891 0.08849667012691498 483
1644727013959 0.08717031031847 484
1644727014014 0.08834747970104218 485
1644727014078 0.08654116839170456 486
1644727014142 0.08721962571144104 487
1644727014204 0.08959142118692398 488
1644727014266 0.08585911244153976 489
1644727014331 0.0908474549651146 490
1644727014382 0.08827086538076401 491
1644727014444 0.08865206688642502 492
1644727014498 0.0892820730805397 493
1644727014566 0.08752353489398956 494
1644727014628 0.08639410883188248 495
1644727014691 0.08749160170555115 496
1644727014756 0.08782990276813507 497
1644727014818 0.08918584138154984 498
1644727014869 0.08596135675907135 499
1644727014943 0.0862574428319931 500
1644727015005 0.08638746291399002 501
1644727015055 0.08898485451936722 502
1644727015115 0.0856422558426857 503
1644727015164 0.09384971112012863 504
1644727015228 0.08547087013721466 505
1644727015279 0.09011570364236832 506
1644727015333 0.08401153981685638 507
1644727015392 0.08949140459299088 508
1644727015447 0.08810897916555405 509
1644727015492 0.08660923689603806 510
1644727015549 0.08624475449323654 511
1644727015610 0.08669456839561462 512
1644727015673 0.08632944524288177 513
1644727015734 0.08679421246051788 514
1644727015780 0.08750475943088531 515
1644727015841 0.0873386412858963 516
1644727015900 0.08611777424812317 517
1644727015946 0.08729436248540878 518
1644727016003 0.08688761293888092 519
1644727016068 0.08647245168685913 520
1644727016126 0.08615554869174957 521
1644727016186 0.08602479845285416 522
1644727016242 0.08605209738016129 523
1644727016292 0.08664419502019882 524
1644727016357 0.08717750757932663 525
1644727016418 0.08647001534700394 526
1644727016467 0.0846027284860611 527
1644727016535 0.08649946749210358 528
1644727016597 0.08599942922592163 529
1644727016660 0.08998888731002808 530
1644727016706 0.08647304773330688 531
1644727016784 0.08647028356790543 532
1644727016846 0.0868232324719429 533
1644727016895 0.08584760129451752 534
1644727016956 0.08584407716989517 535
1644727017010 0.0855017602443695 536
1644727017086 0.09061825275421143 537
1644727017134 0.0873764380812645 538
1644727017193 0.08602038770914078 539
1644727017254 0.08803907781839371 540
1644727017302 0.08556560426950455 541
