1644727161667 2.5322391986846924 0
1644727161738 1.6965466737747192 1
1644727161813 1.1670030355453491 2
1644727161876 0.915843665599823 3
1644727161940 0.7916533946990967 4
1644727162001 0.7266762852668762 5
1644727162054 0.673072099685669 6
1644727162107 0.630736231803894 7
1644727162171 0.6010338664054871 8
1644727162239 0.5676531791687012 9
1644727162299 0.5445981621742249 10
1644727162364 0.5260186195373535 11
1644727162420 0.5065268278121948 12
1644727162472 0.49289050698280334 13
1644727162525 0.48651641607284546 14
1644727162579 0.47020748257637024 15
1644727162655 0.45949408411979675 16
1644727162711 0.442767471075058 17
1644727162778 0.440568208694458 18
1644727162848 0.42598995566368103 19
1644727162918 0.41436612606048584 20
1644727162969 0.4066445827484131 21
1644727163035 0.3975817859172821 22
1644727163096 0.3968179225921631 23
1644727163168 0.38598236441612244 24
1644727163237 0.38198399543762207 25
1644727163294 0.3684522211551666 26
1644727163346 0.3658498227596283 27
1644727163423 0.36190342903137207 28
1644727163477 0.3571983873844147 29
1644727163531 0.3629222512245178 30
1644727163593 0.3451255261898041 31
1644727163659 0.337578147649765 32
1644727163725 0.3352373540401459 33
1644727163788 0.32473936676979065 34
1644727163856 0.321159303188324 35
1644727163923 0.3144734799861908 36
1644727163986 0.3081766664981842 37
1644727164057 0.30186590552330017 38
1644727164116 0.30070701241493225 39
1644727164182 0.30298054218292236 40
1644727164240 0.29176053404808044 41
1644727164297 0.284178763628006 42
1644727164362 0.2802402079105377 43
1644727164412 0.2757208049297333 44
1644727164473 0.2734470069408417 45
1644727164526 0.26999586820602417 46
1644727164574 0.26395758986473083 47
1644727164643 0.2588854134082794 48
1644727164707 0.25564104318618774 49
1644727164774 0.25579866766929626 50
1644727164835 0.24715669453144073 51
1644727164898 0.24476732313632965 52
1644727164975 0.2426784634590149 53
1644727165038 0.2360018491744995 54
1644727165100 0.2370353490114212 55
1644727165148 0.23741483688354492 56
1644727165201 0.22355245053768158 57
1644727165257 0.22982701659202576 58
1644727165304 0.2269333004951477 59
1644727165352 0.22156983613967896 60
1644727165413 0.21599633991718292 61
1644727165480 0.2111842781305313 62
1644727165538 0.20871064066886902 63
1644727165606 0.2082546502351761 64
1644727165662 0.2063712179660797 65
1644727165714 0.20095352828502655 66
1644727165784 0.199539914727211 67
1644727165842 0.198900043964386 68
1644727165908 0.1988491266965866 69
1644727165988 0.1940237283706665 70
1644727166047 0.19120454788208008 71
1644727166112 0.1921481192111969 72
1644727166185 0.1895822435617447 73
1644727166244 0.1867191344499588 74
1644727166310 0.1809948831796646 75
1644727166363 0.17995405197143555 76
1644727166424 0.1790529042482376 77
1644727166494 0.17745906114578247 78
1644727166561 0.17368896305561066 79
1644727166624 0.17532458901405334 80
1644727166677 0.17610889673233032 81
1644727166727 0.16847269237041473 82
1644727166779 0.17091937363147736 83
1644727166839 0.1666770875453949 84
1644727166887 0.1630834937095642 85
1644727166950 0.16781526803970337 86
1644727167012 0.16358736157417297 87
1644727167078 0.16094547510147095 88
1644727167124 0.15809500217437744 89
1644727167187 0.1605718582868576 90
1644727167233 0.15893320739269257 91
1644727167285 0.1539638787508011 92
1644727167349 0.15210774540901184 93
1644727167401 0.1532268524169922 94
1644727167456 0.15269048511981964 95
1644727167502 0.1492973417043686 96
1644727167550 0.15524210035800934 97
1644727167617 0.1518746167421341 98
1644727167689 0.14634214341640472 99
1644727167753 0.1460498869419098 100
1644727167805 0.14534977078437805 101
1644727167859 0.15265516936779022 102
1644727167912 0.14165054261684418 103
1644727167980 0.14097364246845245 104
1644727168048 0.1395525187253952 105
1644727168113 0.14045938849449158 106
1644727168178 0.13892273604869843 107
1644727168244 0.13791587948799133 108
1644727168315 0.13770586252212524 109
1644727168370 0.13889744877815247 110
1644727168421 0.13610461354255676 111
1644727168486 0.1380893588066101 112
1644727168552 0.12896135449409485 113
1644727168618 0.136985182762146 114
1644727168670 0.13235720992088318 115
1644727168736 0.13500888645648956 116
1644727168800 0.13200856745243073 117
1644727168864 0.13164569437503815 118
1644727168915 0.12910810112953186 119
1644727168970 0.13511712849140167 120
1644727169046 0.12614314258098602 121
1644727169110 0.13226395845413208 122
1644727169173 0.13260674476623535 123
1644727169239 0.1305249184370041 124
1644727169296 0.12819963693618774 125
1644727169347 0.12631189823150635 126
1644727169403 0.1262415498495102 127
1644727169473 0.12765805423259735 128
1644727169542 0.12441086769104004 129
1644727169596 0.12256215512752533 130
1644727169668 0.12195859849452972 131
1644727169737 0.12232092767953873 132
1644727169800 0.12122262269258499 133
1644727169862 0.1256689578294754 134
1644727169929 0.12074542045593262 135
1644727169989 0.12500178813934326 136
1644727170047 0.121688112616539 137
1644727170096 0.12020618468523026 138
1644727170144 0.12280581891536713 139
1644727170196 0.1176239401102066 140
1644727170256 0.11827893555164337 141
1644727170306 0.11904893815517426 142
1644727170374 0.1143244206905365 143
1644727170443 0.11881576478481293 144
1644727170499 0.1159406527876854 145
1644727170556 0.11786071211099625 146
1644727170607 0.12321749329566956 147
1644727170655 0.11407548189163208 148
1644727170704 0.11842942237854004 149
1644727170753 0.12397098541259766 150
1644727170827 0.12236304581165314 151
1644727170886 0.12016712129116058 152
1644727170936 0.10986900329589844 153
1644727170985 0.11764752119779587 154
1644727171043 0.11878927797079086 155
1644727171115 0.13616719841957092 156
1644727171161 0.1096988320350647 157
1644727171213 0.11482717096805573 158
1644727171274 0.11272220313549042 159
1644727171323 0.11343306303024292 160
1644727171373 0.11390388756990433 161
1644727171429 0.10941265523433685 162
1644727171490 0.10865829139947891 163
1644727171538 0.11092685163021088 164
1644727171601 0.10984595865011215 165
1644727171676 0.1096215695142746 166
1644727171747 0.12106937170028687 167
1644727171812 0.10802409797906876 168
1644727171876 0.10755857080221176 169
1644727171929 0.11350852251052856 170
1644727171994 0.10766374319791794 171
1644727172060 0.1064256802201271 172
1644727172121 0.10596258193254471 173
1644727172169 0.10533063858747482 174
1644727172234 0.10773736238479614 175
1644727172284 0.10976968705654144 176
1644727172355 0.10778307914733887 177
1644727172421 0.11178149282932281 178
1644727172475 0.10553807020187378 179
1644727172526 0.11117376387119293 180
1644727172595 0.10855144262313843 181
1644727172651 0.11043888330459595 182
1644727172706 0.11530904471874237 183
1644727172758 0.10810261964797974 184
1644727172813 0.10528296232223511 185
1644727172884 0.10362087935209274 186
1644727172944 0.10251400619745255 187
1644727173009 0.10270467400550842 188
1644727173061 0.11481273919343948 189
1644727173135 0.10447989404201508 190
1644727173202 0.11483253538608551 191
1644727173256 0.10343676805496216 192
1644727173308 0.10105546563863754 193
1644727173374 0.10506230592727661 194
1644727173429 0.10566488653421402 195
1644727173494 0.10063047707080841 196
1644727173571 0.10496410727500916 197
1644727173635 0.11238115280866623 198
1644727173688 0.104685939848423 199
1644727173740 0.10785075277090073 200
1644727173792 0.10353290289640427 201
1644727173848 0.10025355964899063 202
1644727173907 0.10041820257902145 203
1644727173974 0.10599233955144882 204
1644727174048 0.10136391222476959 205
1644727174114 0.10200096666812897 206
1644727174177 0.10402204096317291 207
1644727174233 0.1062157154083252 208
1644727174298 0.09859324991703033 209
1644727174358 0.0981520339846611 210
1644727174411 0.09902669489383698 211
1644727174468 0.10155636817216873 212
1644727174520 0.10396469384431839 213
1644727174569 0.10620876401662827 214
1644727174626 0.11881157010793686 215
1644727174678 0.1178271546959877 216
1644727174732 0.09912873804569244 217
1644727174781 0.09710192680358887 218
1644727174837 0.09698610007762909 219
1644727174903 0.09640531241893768 220
1644727174970 0.10039836913347244 221
1644727175026 0.10172596573829651 222
1644727175082 0.09943394362926483 223
1644727175155 0.0974077358841896 224
1644727175208 0.10009565949440002 225
1644727175259 0.09869478642940521 226
1644727175326 0.09768477082252502 227
1644727175391 0.09902084618806839 228
1644727175461 0.09662123769521713 229
1644727175526 0.09879031777381897 230
1644727175590 0.10147465020418167 231
1644727175644 0.09624427556991577 232
1644727175700 0.09830815345048904 233
1644727175773 0.09813962876796722 234
1644727175827 0.10174952447414398 235
1644727175880 0.09850578010082245 236
1644727175952 0.10306625068187714 237
1644727176005 0.09558237344026566 238
1644727176063 0.09381595999002457 239
1644727176111 0.09431849420070648 240
1644727176175 0.09693236649036407 241
1644727176241 0.09618566185235977 242
1644727176303 0.10136008262634277 243
1644727176372 0.10888943076133728 244
1644727176422 0.09750233590602875 245
1644727176478 0.09138482809066772 246
1644727176542 0.09594851732254028 247
1644727176590 0.10228239744901657 248
1644727176657 0.10029679536819458 249
1644727176720 0.10304401814937592 250
1644727176783 0.10083460807800293 251
1644727176843 0.09251607954502106 252
1644727176896 0.09874527901411057 253
1644727176959 0.09687399864196777 254
1644727177009 0.0923510491847992 255
1644727177074 0.09529943764209747 256
1644727177134 0.09705518186092377 257
1644727177189 0.09549058228731155 258
1644727177246 0.09621576964855194 259
1644727177310 0.09811605513095856 260
1644727177368 0.09141989797353745 261
1644727177424 0.09688650816679001 262
1644727177475 0.09456268697977066 263
1644727177526 0.09054926782846451 264
1644727177586 0.09333860874176025 265
1644727177640 0.09008651226758957 266
1644727177691 0.0963158831000328 267
1644727177750 0.09372476488351822 268
1644727177815 0.0953877791762352 269
1644727177888 0.0913059413433075 270
1644727177941 0.10170748084783554 271
1644727178006 0.0972752720117569 272
1644727178071 0.0950188860297203 273
1644727178136 0.09110388159751892 274
1644727178190 0.09135490655899048 275
1644727178265 0.09730985015630722 276
1644727178324 0.09150122851133347 277
1644727178381 0.08952349424362183 278
1644727178432 0.09436148405075073 279
1644727178483 0.0903840959072113 280
1644727178545 0.09084398299455643 281
1644727178619 0.09898844361305237 282
1644727178676 0.09674202650785446 283
1644727178732 0.08909599483013153 284
1644727178789 0.0913180485367775 285
1644727178857 0.1001158356666565 286
1644727178927 0.09003490209579468 287
1644727178994 0.09430205821990967 288
1644727179063 0.09654149413108826 289
1644727179129 0.09017564356327057 290
1644727179180 0.08994195610284805 291
1644727179242 0.09388433396816254 292
1644727179299 0.08987928926944733 293
1644727179352 0.08830691128969193 294
1644727179409 0.09176270663738251 295
1644727179464 0.09035353362560272 296
1644727179518 0.09211890399456024 297
1644727179590 0.09183378517627716 298
1644727179659 0.08818428218364716 299
1644727179717 0.09262385964393616 300
1644727179773 0.08619832992553711 301
1644727179839 0.10536926239728928 302
1644727179901 0.09400907903909683 303
1644727179966 0.09322497993707657 304
1644727180020 0.08778988569974899 305
1644727180069 0.0918765440583229 306
1644727180139 0.09585675597190857 307
1644727180211 0.09042179584503174 308
1644727180277 0.08870367705821991 309
1644727180340 0.09919194132089615 310
1644727180406 0.09011464565992355 311
