1644124552765 13.042905807495117 0
1644124558284 2.071887254714966 1
1644124563889 2.2134599685668945 2
1644124569590 1.3849170207977295 3
1644124575632 1.007531762123108 4
1644124581240 1.1344859600067139 5
1644124587211 0.9001253843307495 6
1644124593214 0.7761864066123962 7
1644124599123 0.7607367038726807 8
1644124604715 0.6728501915931702 9
1644124610697 0.6550660729408264 10
1644124616288 0.676628828048706 11
1644124622428 0.693518340587616 12
1644124628034 0.614513635635376 13
1644124633913 0.6214876770973206 14
1644124639991 0.589337944984436 15
1644124646499 0.6862382888793945 16
1644124653309 0.5865476727485657 17
1644124660535 0.5644203424453735 18
1644124666858 0.5886628031730652 19
1644124672547 0.5962744951248169 20
