1644108867789 227.58016967773438 0
1644108880185 13.56175422668457 1
1644108886468 10.621070861816406 2
1644108892779 3.9658944606781006 3
1644108899565 2.6244935989379883 4
1644108906170 1.5914053916931152 5
1644108912677 0.902860701084137 6
1644108919197 0.8935614824295044 7
1644108925596 1.0955538749694824 8
1644108931963 0.976625919342041 9
1644108938282 0.8985742926597595 10
1644108944894 0.9951802492141724 11
1644108951408 0.7388229370117188 12
1644108958069 0.6415383815765381 13
1644108964675 0.7933899760246277 14
1644108970913 0.6380508542060852 15
1644108979244 0.7181352972984314 16
1644108985447 0.7743399739265442 17
1644108991794 0.5924922823905945 18
1644108997968 0.5695807337760925 19
1644109004469 0.5811957716941833 20
1644109010915 0.6301441788673401 21
1644109017453 0.5585294961929321 22
1644109023649 0.5604903101921082 23
1644109029886 0.5571611523628235 24
1644109036066 0.5825958847999573 25
1644109042532 0.545015811920166 26
1644109049564 0.5525053143501282 27
1644109055842 0.5442165732383728 28
1644109062189 0.5432742238044739 29
