1644651810458 1.1004294157028198 0
1644651810519 1.0967538356781006 1
1644651810574 1.0945035219192505 2
1644651810649 1.090288758277893 3
1644651810708 1.0847715139389038 4
1644651810768 1.0767672061920166 5
1644651810833 1.066819667816162 6
1644651810895 1.0525782108306885 7
1644651810966 1.036446213722229 8
1644651811026 1.0157434940338135 9
1644651811108 0.9908667802810669 10
1644651811167 0.9632889628410339 11
1644651811225 0.9318941235542297 12
1644651811291 0.8984867334365845 13
1644651811351 0.8677177429199219 14
1644651811415 0.8352452516555786 15
1644651811475 0.8073887825012207 16
1644651811533 0.7852355241775513 17
1644651811592 0.7645691633224487 18
1644651811652 0.7476539611816406 19
1644651811723 0.7327205538749695 20
1644651811795 0.7204129695892334 21
1644651811870 0.7093831896781921 22
1644651811934 0.7012481093406677 23
1644651811996 0.691391110420227 24
1644651812060 0.6842242479324341 25
1644651812131 0.6768860816955566 26
1644651812200 0.6697917580604553 27
1644651812271 0.6647740006446838 28
1644651812344 0.6596893072128296 29
1644651812400 0.6536033153533936 30
1644651812456 0.6483935713768005 31
1644651812513 0.6436802744865417 32
1644651812582 0.6392865180969238 33
1644651812658 0.6346083283424377 34
1644651812729 0.6304671168327332 35
1644651812799 0.6267573237419128 36
1644651812868 0.6227837204933167 37
1644651812927 0.6187576055526733 38
1644651812996 0.6159397959709167 39
1644651813070 0.6119883060455322 40
1644651813138 0.608918309211731 41
1644651813194 0.605252206325531 42
1644651813269 0.6024991869926453 43
1644651813340 0.5996256470680237 44
1644651813410 0.5965631008148193 45
1644651813467 0.5934805870056152 46
1644651813526 0.5908080339431763 47
1644651813594 0.5887753963470459 48
1644651813667 0.5859149694442749 49
1644651813736 0.5833065509796143 50
1644651813790 0.5806297659873962 51
1644651813854 0.5783326029777527 52
1644651813922 0.5758023262023926 53
1644651813978 0.5741887092590332 54
1644651814047 0.5717408657073975 55
1644651814117 0.5696515440940857 56
1644651814177 0.5674539804458618 57
1644651814262 0.5653035044670105 58
1644651814336 0.5634282827377319 59
1644651814407 0.561364471912384 60
1644651814472 0.5597070455551147 61
1644651814541 0.55793297290802 62
1644651814608 0.5561873316764832 63
1644651814678 0.554267406463623 64
1644651814742 0.552585244178772 65
1644651814811 0.5508257746696472 66
1644651814881 0.5493168830871582 67
1644651814936 0.5476598143577576 68
1644651814991 0.5464246869087219 69
1644651815062 0.54483962059021 70
1644651815118 0.5433647632598877 71
1644651815174 0.542036771774292 72
1644651815248 0.5404108762741089 73
1644651815307 0.5390418171882629 74
1644651815389 0.5377941131591797 75
1644651815457 0.5363962650299072 76
1644651815521 0.5350464582443237 77
1644651815579 0.5339396595954895 78
1644651815649 0.5328942537307739 79
1644651815704 0.5315282344818115 80
1644651815776 0.5303677320480347 81
1644651815851 0.5291593670845032 82
1644651815918 0.5279976725578308 83
1644651815986 0.526944637298584 84
1644651816041 0.525862991809845 85
1644651816115 0.5248661041259766 86
1644651816197 0.5236642360687256 87
1644651816268 0.5226527452468872 88
1644651816324 0.5217685699462891 89
1644651816394 0.5208739638328552 90
1644651816456 0.5198588371276855 91
1644651816529 0.5188549757003784 92
1644651816585 0.5179771780967712 93
1644651816653 0.5169968605041504 94
1644651816721 0.5164471864700317 95
1644651816781 0.5152118802070618 96
1644651816843 0.514357328414917 97
1644651816898 0.5135034918785095 98
1644651816966 0.512698769569397 99
1644651817037 0.5119531750679016 100
1644651817099 0.5110756158828735 101
1644651817157 0.5103985071182251 102
1644651817215 0.5096922516822815 103
1644651817287 0.5089055299758911 104
1644651817372 0.5081788301467896 105
1644651817451 0.5074324011802673 106
1644651817510 0.5067254900932312 107
1644651817569 0.5059930086135864 108
1644651817639 0.5052809715270996 109
1644651817710 0.504658579826355 110
1644651817769 0.5039665102958679 111
1644651817841 0.5032553672790527 112
1644651817900 0.5027934908866882 113
1644651817970 0.5020481944084167 114
1644651818038 0.5013531446456909 115
1644651818110 0.5008412599563599 116
1644651818193 0.5001128315925598 117
1644651818268 0.4997559189796448 118
1644651818325 0.49903419613838196 119
1644651818396 0.49860644340515137 120
1644651818465 0.49786362051963806 121
1644651818521 0.4973999559879303 122
1644651818594 0.496758371591568 123
1644651818656 0.4962756633758545 124
1644651818725 0.49574971199035645 125
1644651818802 0.495403528213501 126
1644651818867 0.49468180537223816 127
1644651818930 0.494373083114624 128
1644651818989 0.4938715100288391 129
1644651819059 0.493374228477478 130
1644651819127 0.4927491247653961 131
1644651819201 0.4922488033771515 132
1644651819268 0.49176180362701416 133
1644651819339 0.4912515878677368 134
