1644109189779 9.739327430725098 0
1644109197429 1.447068452835083 1
1644109206694 1.2967957258224487 2
1644109214332 1.1754673719406128 3
1644109220996 1.2856589555740356 4
1644109228218 1.304316520690918 5
1644109235231 1.2930240631103516 6
1644109242283 1.1498280763626099 7
1644109249685 0.9927015900611877 8
1644109256926 0.7925309538841248 9
1644109264245 0.6651192903518677 10
1644109271342 0.6494458317756653 11
1644109278508 0.6312307119369507 12
1644109285468 0.5896719694137573 13
1644109292351 0.583309531211853 14
1644109299144 0.5642819404602051 15
1644109305990 0.5849335789680481 16
1644109312914 0.5474870204925537 17
1644109320149 0.5422062277793884 18
1644109326967 0.5395289063453674 19
1644109333768 0.5380340218544006 20
1644109340447 0.5271011590957642 21
1644109347706 0.5228094458580017 22
1644109354729 0.523270308971405 23
1644109361900 0.5222855806350708 24
1644109368754 0.5186113119125366 25
1644109375853 0.5264636278152466 26
1644109382878 0.5249035954475403 27
1644109389556 0.5105599164962769 28
1644109396151 0.516752302646637 29
1644109403011 0.5150045156478882 30
1644109410007 0.507706880569458 31
1644109416942 0.5153772234916687 32
