1644650896694 1.4694523811340332 0
1644650896767 1.242154598236084 1
1644650896824 1.1316800117492676 2
1644650896890 1.0569367408752441 3
1644650896944 0.9854083061218262 4
1644650897010 0.9092249274253845 5
1644650897072 0.841171145439148 6
1644650897138 0.7618617415428162 7
1644650897200 0.6959105134010315 8
1644650897255 0.6398346424102783 9
1644650897308 0.5966461896896362 10
1644650897372 0.5644321441650391 11
1644650897427 0.5364460945129395 12
1644650897483 0.514936625957489 13
1644650897551 0.4948292672634125 14
1644650897604 0.47699493169784546 15
1644650897670 0.4599054455757141 16
1644650897737 0.44439253211021423 17
1644650897791 0.4244847893714905 18
1644650897857 0.4060829281806946 19
1644650897912 0.3895185589790344 20
1644650897973 0.3653925359249115 21
1644650898027 0.3475956916809082 22
1644650898084 0.3195744454860687 23
1644650898143 0.29570019245147705 24
1644650898217 0.2692059874534607 25
1644650898287 0.25602030754089355 26
1644650898353 0.2500287890434265 27
1644650898408 0.22347722947597504 28
1644650898481 0.18922874331474304 29
1644650898547 0.17864039540290833 30
1644650898599 0.16133174300193787 31
1644650898654 0.15232546627521515 32
1644650898710 0.1402725875377655 33
1644650898769 0.12615717947483063 34
1644650898823 0.12373248487710953 35
1644650898889 0.1075194925069809 36
1644650898944 0.0996699184179306 37
1644650899012 0.09666835516691208 38
1644650899071 0.095482237637043 39
1644650899125 0.09592504799365997 40
1644650899192 0.08312874287366867 41
1644650899252 0.08415918052196503 42
1644650899319 0.08011166006326675 43
1644650899386 0.08424614369869232 44
1644650899441 0.07811839133501053 45
