1644108620196 2.022570848464966 0
1644108626001 1.1590238809585571 1
1644108631422 0.968411386013031 2
1644108637181 0.7964966297149658 3
1644108642999 0.9383385181427002 4
1644108648355 0.6959675550460815 5
1644108653874 0.7368470430374146 6
1644108659330 0.6950095295906067 7
1644108665193 0.6937013864517212 8
1644108671019 0.6609124541282654 9
1644108676343 0.6508009433746338 10
1644108682287 0.6399785280227661 11
1644108687798 0.6383638978004456 12
1644108693162 0.6032688617706299 13
1644108699099 0.6057295799255371 14
1644108704661 0.610123336315155 15
1644108710696 0.705517053604126 16
1644108716451 0.618270218372345 17
1644108722165 0.6048869490623474 18
1644108728172 3.1858952045440674 19
1644108734080 0.5824533700942993 20
1644108739613 0.5471439957618713 21
1644108745357 0.5495157837867737 22
1644108751145 0.5486839413642883 23
1644108756615 0.5509567260742188 24
1644108762068 0.6012070178985596 25
1644108767856 0.553989052772522 26
1644108773270 0.5548205971717834 27
1644108778815 0.547674298286438 28
1644108784742 0.5528748035430908 29
1644108790585 0.623336911201477 30
1644108795982 0.5358729362487793 31
1644108801824 0.5404327511787415 32
