1644649347305 2.3735764026641846 0
1644649347363 1.6449939012527466 1
1644649347417 1.1463069915771484 2
1644649347466 0.9029393196105957 3
1644649347528 0.8091709613800049 4
1644649347579 0.7338263392448425 5
1644649347642 0.684158205986023 6
1644649347712 0.634186863899231 7
1644649347775 0.5909401774406433 8
1644649347836 0.5629338026046753 9
1644649347899 0.5390416979789734 10
1644649347955 0.5207887291908264 11
1644649348018 0.49704334139823914 12
1644649348077 0.4784694314002991 13
1644649348125 0.4627491235733032 14
1644649348191 0.44550010561943054 15
1644649348241 0.43192845582962036 16
1644649348299 0.4262320101261139 17
1644649348362 0.4075029492378235 18
1644649348412 0.39628365635871887 19
1644649348475 0.3922922909259796 20
1644649348541 0.37581589818000793 21
1644649348593 0.37098145484924316 22
1644649348656 0.36186569929122925 23
1644649348704 0.34442639350891113 24
1644649348751 0.34074556827545166 25
1644649348815 0.3420889377593994 26
1644649348883 0.32063043117523193 27
1644649348943 0.3204876482486725 28
1644649348993 0.31158071756362915 29
1644649349040 0.29866135120391846 30
1644649349099 0.2989945709705353 31
1644649349153 0.2941368818283081 32
1644649349209 0.28170084953308105 33
1644649349259 0.27550938725471497 34
1644649349313 0.2737043797969818 35
1644649349363 0.2646976113319397 36
1644649349420 0.2609698474407196 37
1644649349473 0.2549065947532654 38
1644649349520 0.24906183779239655 39
1644649349580 0.24308429658412933 40
1644649349641 0.2390834093093872 41
1644649349695 0.23344621062278748 42
1644649349748 0.22962145507335663 43
1644649349814 0.22397372126579285 44
1644649349863 0.22267496585845947 45
1644649349926 0.2163049429655075 46
1644649349979 0.21560195088386536 47
1644649350028 0.20967605710029602 48
1644649350099 0.2078409194946289 49
1644649350160 0.2006978988647461 50
1644649350225 0.19485096633434296 51
1644649350286 0.19747695326805115 52
1644649350334 0.18873442709445953 53
1644649350395 0.18689948320388794 54
1644649350441 0.183262437582016 55
1644649350496 0.17597687244415283 56
1644649350544 0.17986567318439484 57
1644649350595 0.17310459911823273 58
1644649350657 0.17749163508415222 59
1644649350707 0.1686042994260788 60
1644649350757 0.16667871177196503 61
