1644125106561 149.9185791015625 0
1644125111644 20.058059692382812 1
1644125116765 4.683845520019531 2
1644125122674 2.5378668308258057 3
1644125128338 0.8662649393081665 4
1644125134342 0.8829526305198669 5
1644125140861 0.8319588303565979 6
1644125146647 0.8773254156112671 7
1644125152129 1.157920002937317 8
1644125157336 0.7721658945083618 9
1644125162394 0.7368540167808533 10
1644125167907 0.8369404077529907 11
1644125173036 0.7413308024406433 12
1644125178065 0.6795168519020081 13
1644125183675 0.752647340297699 14
1644125189205 0.6776466965675354 15
1644125194306 0.7301455140113831 16
1644125199416 0.7380467653274536 17
1644125204948 0.6568707823753357 18
1644125209957 0.6336342692375183 19
1644125215422 0.6103858947753906 20
1644125220964 0.6015859842300415 21
1644125226051 0.5857957601547241 22
1644125231588 0.5789324045181274 23
1644125237123 0.6488658785820007 24
1644125242601 0.5691137313842773 25
1644125247947 0.5614662170410156 26
1644125260214 0.5598948001861572 27
1644125265465 0.5685421824455261 28
1644125270567 0.5556662678718567 29
1644125275660 0.5603516697883606 30
1644125281103 0.5456046462059021 31
1644125286149 0.540736973285675 32
