1644650517418 1.2242628335952759 0
1644650517475 1.0964292287826538 1
1644650517527 1.0701788663864136 2
1644650517592 1.0500072240829468 3
1644650517645 1.031836748123169 4
1644650517714 1.0110862255096436 5
1644650517777 0.9923340082168579 6
1644650517846 0.9677885174751282 7
1644650517914 0.9451848864555359 8
1644650517980 0.9196884632110596 9
1644650518038 0.8904702067375183 10
1644650518101 0.8631414771080017 11
1644650518154 0.8357782959938049 12
1644650518222 0.8109936714172363 13
1644650518292 0.7886910438537598 14
1644650518360 0.7678145170211792 15
1644650518430 0.7497093677520752 16
1644650518484 0.7333714365959167 17
1644650518538 0.7196221351623535 18
1644650518618 0.7075904011726379 19
1644650518676 0.6980710029602051 20
1644650518747 0.6878238320350647 21
1644650518808 0.6804700493812561 22
1644650518881 0.6729000806808472 23
1644650518950 0.6647557020187378 24
1644650519015 0.6581034660339355 25
1644650519088 0.65162193775177 26
1644650519142 0.645771324634552 27
1644650519201 0.6411488056182861 28
1644650519264 0.635346531867981 29
1644650519342 0.6321650743484497 30
1644650519412 0.6256271004676819 31
1644650519467 0.6164162755012512 32
1644650519530 0.6115435361862183 33
1644650519613 0.6090084910392761 34
1644650519670 0.6023848652839661 35
1644650519728 0.594925582408905 36
1644650519791 0.5883771181106567 37
1644650519852 0.5821009874343872 38
1644650519914 0.5745831727981567 39
1644650519970 0.5657681226730347 40
1644650520028 0.5584295988082886 41
1644650520089 0.5607246160507202 42
1644650520150 0.5478880405426025 43
1644650520211 0.5381395816802979 44
1644650520265 0.5311764478683472 45
1644650520336 0.526671826839447 46
1644650520418 0.5164827704429626 47
1644650520474 0.5095683336257935 48
1644650520546 0.5004177093505859 49
1644650520600 0.49356070160865784 50
1644650520668 0.48584842681884766 51
1644650520727 0.48662930727005005 52
1644650520790 0.4726583957672119 53
1644650520848 0.4663850665092468 54
1644650520917 0.4557335674762726 55
1644650520984 0.4505486786365509 56
1644650521042 0.4502503573894501 57
1644650521102 0.4404745101928711 58
1644650521157 0.4294309616088867 59
1644650521233 0.4229303002357483 60
1644650521308 0.4131768047809601 61
1644650521366 0.4070858657360077 62
1644650521426 0.4060424566268921 63
1644650521494 0.39509788155555725 64
1644650521564 0.3926936089992523 65
1644650521624 0.3820967376232147 66
1644650521702 0.38026994466781616 67
1644650521762 0.3685635030269623 68
1644650521828 0.3684791028499603 69
1644650521893 0.35894349217414856 70
