1644124361525 374.3299865722656 0
1644124367752 3.697356700897217 1
1644124374466 1.723178744316101 2
1644124380332 1.8332709074020386 3
1644124386529 1.1167267560958862 4
1644124392401 1.0801926851272583 5
1644124398390 0.9069880247116089 6
1644124404632 0.866517186164856 7
1644124411922 0.8654528260231018 8
1644124419398 0.7208409309387207 9
1644124425873 0.6985309720039368 10
1644124432027 0.7060273289680481 11
1644124438251 0.6639550924301147 12
1644124444099 0.6096650958061218 13
1644124449992 0.6003525853157043 14
1644124455905 0.5833027958869934 15
1644124462222 0.6121689081192017 16
1644124468584 0.5627376437187195 17
1644124474758 0.5694175958633423 18
1644124480534 0.5518290400505066 19
1644124486430 0.5552456974983215 20
