1644727297070 1.5081678628921509 0
1644727297143 1.2531991004943848 1
1644727297206 1.1429086923599243 2
1644727297286 1.0723975896835327 3
1644727297371 0.9940834045410156 4
1644727297460 0.9262336492538452 5
1644727297572 0.8530560731887817 6
1644727297659 0.7817444801330566 7
1644727297739 0.721876859664917 8
1644727297834 0.6657430529594421 9
1644727297910 0.6207072138786316 10
1644727298000 0.5871176719665527 11
1644727298087 0.5581035017967224 12
1644727298178 0.5349343419075012 13
1644727298259 0.5166525840759277 14
1644727298339 0.49796023964881897 15
1644727298426 0.4801698327064514 16
1644727298492 0.4636601507663727 17
1644727298576 0.44928213953971863 18
1644727298654 0.4287187457084656 19
1644727298723 0.40962764620780945 20
1644727298801 0.38826125860214233 21
1644727298870 0.3692016005516052 22
1644727298925 0.35668301582336426 23
1644727298993 0.3344319760799408 24
1644727299056 0.32382091879844666 25
1644727299110 0.2971619665622711 26
1644727299177 0.2794707715511322 27
1644727299227 0.2580374777317047 28
1644727299282 0.2593606412410736 29
1644727299348 0.2381446659564972 30
1644727299406 0.2834874987602234 31
1644727299462 0.23784278333187103 32
1644727299526 0.20908720791339874 33
1644727299596 0.20044104754924774 34
1644727299667 0.1859825849533081 35
1644727299725 0.18582436442375183 36
1644727299787 0.1776077300310135 37
1644727299849 0.1634834259748459 38
1644727299904 0.1628117710351944 39
1644727299955 0.17515508830547333 40
1644727300004 0.15745209157466888 41
1644727300059 0.15815994143486023 42
1644727300124 0.1420154869556427 43
1644727300183 0.1505885124206543 44
1644727300233 0.14803335070610046 45
1644727300286 0.14902889728546143 46
1644727300340 0.14272332191467285 47
1644727300412 0.13565509021282196 48
1644727300482 0.13763798773288727 49
1644727300545 0.13685919344425201 50
1644727300611 0.13893882930278778 51
1644727300678 0.12475989013910294 52
1644727300735 0.12525391578674316 53
1644727300794 0.12100984901189804 54
1644727300858 0.12470752000808716 55
1644727300924 0.12861064076423645 56
1644727300983 0.12140858918428421 57
1644727301060 0.11780329793691635 58
1644727301114 0.15158087015151978 59
1644727301169 0.12989278137683868 60
1644727301222 0.12914921343326569 61
1644727301300 0.1181609258055687 62
1644727301368 0.11504500359296799 63
1644727301440 0.11918491125106812 64
1644727301509 0.1349516212940216 65
1644727301578 0.11764033883810043 66
1644727301636 0.10968546569347382 67
1644727301707 0.11522704362869263 68
1644727301774 0.1217854842543602 69
1644727301840 0.10846001654863358 70
1644727301917 0.10753726959228516 71
1644727301983 0.10828419029712677 72
1644727302037 0.10768948495388031 73
1644727302089 0.1152053102850914 74
1644727302161 0.111412413418293 75
1644727302220 0.10263057798147202 76
1644727302280 0.11806934326887131 77
1644727302338 0.12632271647453308 78
1644727302395 0.11180569231510162 79
1644727302466 0.10322969406843185 80
1644727302530 0.12782713770866394 81
1644727302605 0.10619419068098068 82
1644727302672 0.09985626488924026 83
1644727302721 0.09966906160116196 84
1644727302776 0.09609776735305786 85
1644727302839 0.14405648410320282 86
1644727302907 0.10880866646766663 87
1644727302963 0.10311906784772873 88
1644727303014 0.1047009825706482 89
1644727303066 0.10043567419052124 90
1644727303130 0.09705790877342224 91
1644727303188 0.09509024024009705 92
1644727303244 0.09410525858402252 93
1644727303300 0.10446278005838394 94
1644727303372 0.12981824576854706 95
1644727303429 0.10064974427223206 96
1644727303491 0.09570758789777756 97
1644727303546 0.11550761759281158 98
1644727303598 0.09877536445856094 99
1644727303667 0.09783220291137695 100
1644727303736 0.09561778604984283 101
1644727303817 0.10255292803049088 102
1644727303897 0.10090535134077072 103
1644727303960 0.09548085927963257 104
1644727304027 0.09460557997226715 105
1644727304096 0.10022902488708496 106
1644727304197 0.0935463234782219 107
1644727304295 0.09184080362319946 108
1644727304376 0.09603173285722733 109
1644727304465 0.09563582390546799 110
1644727304534 0.10661338269710541 111
1644727304630 0.11467615514993668 112
1644727304727 0.09402872622013092 113
1644727304828 0.09637841582298279 114
1644727304973 0.10471374541521072 115
1644727305030 0.10597636550664902 116
1644727305103 0.10965787619352341 117
1644727305161 0.08940239250659943 118
