1644649942842 1.6375312805175781 0
1644649942900 1.31964111328125 1
1644649942964 1.1487157344818115 2
1644649943013 1.044581413269043 3
1644649943079 0.9853715300559998 4
1644649943129 0.9557371735572815 5
1644649943195 0.933373212814331 6
1644649943250 0.9047972559928894 7
1644649943316 0.8765683770179749 8
1644649943369 0.847658634185791 9
1644649943445 0.8201761841773987 10
1644649943519 0.7940239906311035 11
1644649943583 0.7630562782287598 12
1644649943633 0.7354932427406311 13
1644649943683 0.707146167755127 14
1644649943747 0.6790551543235779 15
1644649943817 0.651718020439148 16
1644649943883 0.6273881196975708 17
1644649943934 0.6019304990768433 18
1644649943984 0.5792935490608215 19
1644649944048 0.5594320297241211 20
1644649944107 0.5393344163894653 21
1644649944175 0.5224080085754395 22
1644649944244 0.505201518535614 23
1644649944300 0.4877932369709015 24
1644649944366 0.4724138677120209 25
1644649944429 0.45864149928092957 26
1644649944480 0.4425724148750305 27
1644649944530 0.42864862084388733 28
1644649944595 0.4132353365421295 29
1644649944645 0.39538097381591797 30
1644649944704 0.37972787022590637 31
1644649944771 0.3617640733718872 32
1644649944820 0.3459869921207428 33
1644649944870 0.32504802942276 34
1644649944934 0.3160819411277771 35
1644649944990 0.29360657930374146 36
1644649945057 0.2801337242126465 37
1644649945109 0.2751273512840271 38
1644649945161 0.253808856010437 39
1644649945213 0.24770410358905792 40
1644649945280 0.23334269225597382 41
1644649945348 0.2221255600452423 42
1644649945398 0.2142001837491989 43
1644649945460 0.20939671993255615 44
1644649945513 0.19995112717151642 45
1644649945576 0.19405914843082428 46
1644649945640 0.18043310940265656 47
1644649945690 0.1775200068950653 48
1644649945739 0.1819012463092804 49
1644649945788 0.16966593265533447 50
1644649945850 0.1601787507534027 51
1644649945906 0.16285747289657593 52
1644649945973 0.14705431461334229 53
1644649946037 0.14732539653778076 54
1644649946092 0.14230290055274963 55
1644649946160 0.13411939144134521 56
1644649946216 0.14023368060588837 57
1644649946286 0.13091200590133667 58
1644649946348 0.13880343735218048 59
1644649946403 0.1273297220468521 60
1644649946471 0.12025479227304459 61
1644649946541 0.12050359696149826 62
1644649946604 0.12543447315692902 63
1644649946670 0.11745861917734146 64
1644649946721 0.10837921500205994 65
1644649946770 0.11213763803243637 66
1644649946836 0.10627911984920502 67
1644649946889 0.1028633788228035 68
1644649946940 0.10909450799226761 69
1644649946991 0.10475559532642365 70
