1644648440280 1.4243215322494507 0
1644648440333 1.1542725563049316 1
1644648440381 0.9666010737419128 2
1644648440432 0.8319032788276672 3
1644648440496 0.7525774836540222 4
1644648440567 0.6759673953056335 5
1644648440635 0.6339410543441772 6
1644648440701 0.5953407883644104 7
1644648440753 0.5700169801712036 8
1644648440809 0.550700306892395 9
1644648440873 0.5366633534431458 10
1644648440940 0.5256352424621582 11
1644648441006 0.5115432739257812 12
1644648441060 0.5005531311035156 13
1644648441128 0.4903672933578491 14
1644648441179 0.4803389012813568 15
1644648441231 0.4709256589412689 16
1644648441284 0.46373239159584045 17
1644648441335 0.4530624747276306 18
1644648441387 0.4450075626373291 19
1644648441443 0.4393908679485321 20
1644648441514 0.42899298667907715 21
1644648441568 0.4238269031047821 22
1644648441618 0.41668009757995605 23
1644648441680 0.4065300226211548 24
1644648441734 0.40140801668167114 25
1644648441789 0.3980596959590912 26
1644648441840 0.38859859108924866 27
1644648441890 0.380543977022171 28
1644648441954 0.3776214122772217 29
1644648442012 0.36646246910095215 30
1644648442072 0.3638139069080353 31
1644648442122 0.3600640296936035 32
1644648442173 0.3507119119167328 33
1644648442236 0.3456682562828064 34
1644648442287 0.3423306345939636 35
1644648442359 0.3350679576396942 36
1644648442416 0.3315446972846985 37
1644648442470 0.3259905278682709 38
1644648442535 0.3211541175842285 39
1644648442593 0.3145466446876526 40
1644648442663 0.31230655312538147 41
1644648442716 0.30660223960876465 42
1644648442770 0.3017200529575348 43
1644648442821 0.297559529542923 44
1644648442872 0.2950809597969055 45
1644648442929 0.2896500825881958 46
1644648442979 0.2880476713180542 47
1644648443044 0.2826331853866577 48
1644648443101 0.27915921807289124 49
1644648443165 0.2736872732639313 50
1644648443221 0.26855969429016113 51
1644648443276 0.26931032538414 52
1644648443340 0.26290255784988403 53
1644648443395 0.25870880484580994 54
1644648443444 0.25614121556282043 55
1644648443507 0.24931666254997253 56
1644648443562 0.25101980566978455 57
1644648443614 0.2446809709072113 58
1644648443667 0.24475444853305817 59
1644648443717 0.2397698611021042 60
1644648443768 0.23663252592086792 61
1644648443827 0.23136770725250244 62
1644648443891 0.23043493926525116 63
1644648443955 0.22664296627044678 64
1644648444005 0.22352781891822815 65
1644648444071 0.2205592393875122 66
1644648444127 0.21950440108776093 67
1644648444189 0.2142634093761444 68
1644648444255 0.2153838723897934 69
1644648444305 0.20902542769908905 70
1644648444356 0.2088305652141571 71
1644648444421 0.20825590193271637 72
1644648444487 0.20302541553974152 73
1644648444541 0.2003331482410431 74
1644648444598 0.19861486554145813 75
1644648444649 0.19818834960460663 76
1644648444700 0.19245779514312744 77
1644648444755 0.1942756474018097 78
1644648444805 0.19161240756511688 79
1644648444874 0.18610931932926178 80
1644648444941 0.18606160581111908 81
1644648444989 0.18180906772613525 82
1644648445043 0.17990252375602722 83
1644648445103 0.17934176325798035 84
1644648445152 0.1758410930633545 85
1644648445205 0.1787422001361847 86
1644648445258 0.17245660722255707 87
1644648445323 0.17353664338588715 88
1644648445391 0.16965407133102417 89
1644648445455 0.1677829921245575 90
1644648445519 0.16498659551143646 91
1644648445572 0.1629503220319748 92
1644648445637 0.1615288257598877 93
1644648445687 0.1607935130596161 94
