1644726860177 1.9306564331054688 0
1644726860251 1.7391748428344727 1
1644726860302 1.5892930030822754 2
1644726860353 1.4807677268981934 3
1644726860418 1.390228033065796 4
1644726860473 1.3179876804351807 5
1644726860535 1.251973032951355 6
1644726860584 1.1992803812026978 7
1644726860634 1.1602087020874023 8
1644726860681 1.128341555595398 9
1644726860736 1.1105903387069702 10
1644726860805 1.1000944375991821 11
1644726860858 1.0911998748779297 12
1644726860909 1.085146188735962 13
1644726860979 1.0791947841644287 14
1644726861044 1.07327401638031 15
1644726861096 1.0670444965362549 16
1644726861158 1.0600358247756958 17
1644726861235 1.0530507564544678 18
1644726861285 1.045198678970337 19
1644726861340 1.0372217893600464 20
1644726861402 1.028985619544983 21
1644726861465 1.019753098487854 22
1644726861518 1.011657476425171 23
1644726861575 1.0006381273269653 24
1644726861626 0.9899725914001465 25
1644726861675 0.978586733341217 26
1644726861746 0.9673541188240051 27
1644726861812 0.9562255144119263 28
1644726861886 0.9428195953369141 29
1644726861937 0.9305512309074402 30
1644726861986 0.9183537364006042 31
1644726862054 0.9079372882843018 32
1644726862109 0.8953350782394409 33
1644726862171 0.8842961192131042 34
1644726862254 0.873375415802002 35
1644726862306 0.8635635375976562 36
1644726862363 0.8534100651741028 37
1644726862413 0.8442532420158386 38
1644726862469 0.8353160619735718 39
1644726862514 0.8269813060760498 40
1644726862578 0.8183853626251221 41
1644726862625 0.8101620674133301 42
1644726862672 0.8022503852844238 43
1644726862717 0.7946817278862 44
1644726862776 0.7877333760261536 45
1644726862825 0.7802599668502808 46
1644726862879 0.7736565470695496 47
1644726862927 0.7664515376091003 48
1644726862982 0.7602500319480896 49
1644726863027 0.7540848851203918 50
1644726863087 0.7478697299957275 51
1644726863139 0.7422174215316772 52
1644726863188 0.7374625205993652 53
1644726863246 0.7307416200637817 54
1644726863293 0.7258718013763428 55
1644726863356 0.7212254405021667 56
1644726863402 0.7148911952972412 57
1644726863450 0.7109670639038086 58
1644726863495 0.7053764462471008 59
1644726863555 0.7006968855857849 60
1644726863614 0.6962235569953918 61
1644726863680 0.6912490129470825 62
1644726863740 0.6866310238838196 63
1644726863785 0.6826861500740051 64
1644726863831 0.6778770089149475 65
1644726863887 0.6732632517814636 66
1644726863946 0.669203519821167 67
1644726864008 0.6647263765335083 68
1644726864058 0.6608870625495911 69
1644726864129 0.6565317511558533 70
1644726864175 0.652964174747467 71
1644726864235 0.6489165425300598 72
1644726864294 0.6462059617042542 73
1644726864341 0.6412022709846497 74
1644726864411 0.6371078491210938 75
1644726864469 0.6335355043411255 76
1644726864531 0.6302382349967957 77
1644726864590 0.6265222430229187 78
1644726864663 0.6228358149528503 79
1644726864730 0.6199579834938049 80
1644726864791 0.6161962747573853 81
1644726864839 0.612855851650238 82
1644726864900 0.6103028655052185 83
1644726864944 0.6063669919967651 84
1644726864999 0.6030811071395874 85
1644726865043 0.6001620292663574 86
1644726865103 0.5969798564910889 87
1644726865163 0.5939780473709106 88
1644726865208 0.5911571979522705 89
1644726865256 0.5896040201187134 90
1644726865316 0.5855399370193481 91
1644726865362 0.5820246934890747 92
1644726865408 0.5791264176368713 93
1644726865469 0.5764496922492981 94
1644726865515 0.5738729238510132 95
1644726865582 0.5705769062042236 96
1644726865634 0.5681394338607788 97
1644726865695 0.5657420754432678 98
1644726865744 0.562515377998352 99
1644726865798 0.5602167844772339 100
1644726865848 0.5574007630348206 101
1644726865897 0.5551989674568176 102
1644726865958 0.5521910786628723 103
1644726866021 0.5495766997337341 104
1644726866084 0.547913670539856 105
1644726866134 0.5447722673416138 106
1644726866200 0.5424773097038269 107
1644726866248 0.5398477911949158 108
1644726866317 0.5385727286338806 109
1644726866366 0.5350987911224365 110
1644726866443 0.5330045223236084 111
1644726866507 0.5308077335357666 112
1644726866568 0.5294126272201538 113
1644726866623 0.5262439846992493 114
1644726866669 0.5242177844047546 115
1644726866721 0.5219584703445435 116
1644726866770 0.5200563073158264 117
1644726866835 0.5186289548873901 118
1644726866892 0.5158395767211914 119
1644726866951 0.5140493512153625 120
1644726867015 0.5119306445121765 121
1644726867080 0.5106580853462219 122
1644726867143 0.508240282535553 123
1644726867196 0.5067101716995239 124
1644726867262 0.5045059323310852 125
1644726867325 0.502377986907959 126
1644726867373 0.5006911158561707 127
1644726867421 0.4990658462047577 128
1644726867480 0.49701032042503357 129
1644726867533 0.49538448452949524 130
1644726867581 0.49359703063964844 131
1644726867634 0.4915659725666046 132
1644726867679 0.48973900079727173 133
1644726867738 0.4884311258792877 134
1644726867785 0.48900550603866577 135
1644726867851 0.4852710962295532 136
1644726867896 0.4831627905368805 137
1644726867958 0.4814625680446625 138
1644726868007 0.4799332022666931 139
1644726868050 0.47830331325531006 140
1644726868095 0.47742965817451477 141
1644726868159 0.475569486618042 142
1644726868218 0.4739115536212921 143
1644726868276 0.47246307134628296 144
1644726868351 0.470467746257782 145
1644726868414 0.4691794812679291 146
1644726868459 0.4683745205402374 147
1644726868520 0.4660831093788147 148
1644726868564 0.4648980498313904 149
1644726868618 0.46353983879089355 150
1644726868665 0.46242958307266235 151
1644726868727 0.46016252040863037 152
1644726868787 0.45937904715538025 153
1644726868839 0.4576069116592407 154
1644726868905 0.45674464106559753 155
1644726868956 0.45604920387268066 156
1644726869018 0.45323389768600464 157
1644726869072 0.4526439309120178 158
1644726869130 0.4506382644176483 159
1644726869192 0.44907325506210327 160
1644726869256 0.4481535851955414 161
1644726869320 0.44704732298851013 162
1644726869373 0.4456528127193451 163
1644726869430 0.4441569149494171 164
1644726869494 0.44293013215065 165
1644726869546 0.44197574257850647 166
1644726869609 0.4403151869773865 167
1644726869668 0.43915602564811707 168
1644726869726 0.43957170844078064 169
1644726869788 0.4364778399467468 170
1644726869843 0.4353880286216736 171
1644726869897 0.4337855875492096 172
1644726869958 0.43321678042411804 173
1644726870027 0.4319441616535187 174
1644726870074 0.4305194616317749 175
1644726870137 0.42936110496520996 176
1644726870192 0.4299107491970062 177
1644726870245 0.4268292784690857 178
1644726870293 0.42546263337135315 179
1644726870347 0.4249850809574127 180
1644726870395 0.42322221398353577 181
1644726870452 0.4224841594696045 182
1644726870505 0.42100992798805237 183
1644726870568 0.4197901785373688 184
1644726870625 0.4186123311519623 185
1644726870675 0.41770368814468384 186
1644726870728 0.4164455831050873 187
1644726870793 0.41490423679351807 188
1644726870845 0.4140787720680237 189
1644726870909 0.41306501626968384 190
1644726870973 0.41175904870033264 191
1644726871035 0.4106576442718506 192
1644726871085 0.4092414379119873 193
1644726871134 0.40838155150413513 194
1644726871183 0.40725818276405334 195
1644726871235 0.40615543723106384 196
1644726871303 0.40522071719169617 197
1644726871361 0.4039075970649719 198
1644726871426 0.4023903012275696 199
1644726871488 0.4016675055027008 200
1644726871556 0.4002516269683838 201
1644726871604 0.39954808354377747 202
1644726871661 0.398112028837204 203
1644726871719 0.3983130156993866 204
1644726871765 0.3963075280189514 205
1644726871809 0.3949744701385498 206
1644726871857 0.3940800130367279 207
1644726871902 0.392930269241333 208
1644726871955 0.391633540391922 209
1644726872013 0.3911963999271393 210
1644726872078 0.3896609842777252 211
1644726872139 0.38890543580055237 212
1644726872199 0.3877701163291931 213
1644726872247 0.38768067955970764 214
1644726872292 0.38558247685432434 215
1644726872341 0.38473841547966003 216
1644726872386 0.3832698464393616 217
1644726872433 0.3824716806411743 218
1644726872487 0.3813968896865845 219
1644726872529 0.37999147176742554 220
1644726872587 0.3792862892150879 221
1644726872632 0.3799920976161957 222
1644726872681 0.3767161965370178 223
1644726872744 0.3760716915130615 224
1644726872809 0.37517231702804565 225
1644726872862 0.3739367127418518 226
1644726872924 0.3735775351524353 227
1644726872982 0.3720460534095764 228
1644726873035 0.37109094858169556 229
1644726873099 0.37035632133483887 230
1644726873149 0.3689476251602173 231
1644726873196 0.3679971992969513 232
1644726873245 0.366699755191803 233
1644726873305 0.365938276052475 234
1644726873353 0.3649634122848511 235
1644726873401 0.3641372323036194 236
1644726873462 0.36270594596862793 237
1644726873510 0.36174529790878296 238
1644726873565 0.360809862613678 239
1644726873611 0.3611646294593811 240
1644726873665 0.3590930104255676 241
1644726873727 0.35763540863990784 242
1644726873792 0.3588576912879944 243
1644726873837 0.35738155245780945 244
1644726873898 0.35478347539901733 245
1644726873957 0.3536936342716217 246
1644726874020 0.352727472782135 247
1644726874079 0.35271137952804565 248
1644726874148 0.3511108458042145 249
1644726874203 0.3510757088661194 250
1644726874266 0.34967511892318726 251
1644726874325 0.3481423854827881 252
1644726874385 0.3473004698753357 253
1644726874444 0.34608110785484314 254
1644726874489 0.34538954496383667 255
1644726874534 0.3446851372718811 256
1644726874590 0.3431011736392975 257
1644726874652 0.3421473503112793 258
1644726874699 0.34166988730430603 259
1644726874760 0.34101125597953796 260
1644726874819 0.3391646146774292 261
1644726874864 0.3384036421775818 262
1644726874919 0.33746665716171265 263
1644726874962 0.33672261238098145 264
1644726875007 0.33535897731781006 265
1644726875056 0.3346642553806305 266
1644726875099 0.3340950608253479 267
1644726875152 0.3326873183250427 268
1644726875217 0.33197781443595886 269
1644726875264 0.33076295256614685 270
1644726875308 0.33070293068885803 271
1644726875354 0.3291878402233124 272
1644726875400 0.3285484313964844 273
1644726875458 0.32726600766181946 274
1644726875513 0.32618486881256104 275
1644726875560 0.3255811035633087 276
1644726875605 0.32496562600135803 277
1644726875653 0.32358482480049133 278
1644726875712 0.3245254158973694 279
1644726875756 0.32200756669044495 280
1644726875824 0.32091107964515686 281
1644726875870 0.31986624002456665 282
1644726875919 0.3195090889930725 283
1644726875968 0.3189629316329956 284
1644726876034 0.3173498809337616 285
1644726876090 0.3173196315765381 286
1644726876140 0.3154951333999634 287
1644726876192 0.3147216737270355 288
1644726876245 0.31384584307670593 289
1644726876297 0.31304630637168884 290
1644726876357 0.31191176176071167 291
1644726876404 0.3115766942501068 292
1644726876448 0.31028130650520325 293
1644726876492 0.3102315664291382 294
1644726876539 0.3094763457775116 295
1644726876593 0.30768945813179016 296
1644726876654 0.3072179853916168 297
1644726876699 0.3060496151447296 298
1644726876744 0.3051489293575287 299
1644726876804 0.3051697015762329 300
1644726876865 0.30452513694763184 301
1644726876938 0.3040379285812378 302
1644726876982 0.3021928369998932 303
1644726877040 0.3010147511959076 304
1644726877106 0.29967549443244934 305
1644726877163 0.29948028922080994 306
1644726877218 0.29876071214675903 307
1644726877262 0.2979986071586609 308
1644726877321 0.2966080904006958 309
1644726877365 0.2968291938304901 310
1644726877410 0.29600197076797485 311
1644726877469 0.29423514008522034 312
1644726877542 0.2934747040271759 313
1644726877600 0.2936307489871979 314
1644726877648 0.29168134927749634 315
1644726877695 0.29088231921195984 316
1644726877739 0.2908831536769867 317
1644726877808 0.2895936071872711 318
1644726877854 0.2909753620624542 319
1644726877899 0.28769952058792114 320
1644726877958 0.28677451610565186 321
1644726878004 0.2862182557582855 322
1644726878063 0.2853103578090668 323
1644726878136 0.28474125266075134 324
1644726878196 0.285687118768692 325
1644726878255 0.28396540880203247 326
1644726878299 0.28225934505462646 327
1644726878348 0.2824481725692749 328
1644726878407 0.2804042398929596 329
1644726878464 0.27989277243614197 330
1644726878510 0.27951234579086304 331
1644726878567 0.2782249450683594 332
1644726878626 0.2780204713344574 333
1644726878686 0.27864280343055725 334
1644726878760 0.27611738443374634 335
1644726878808 0.27575263381004333 336
1644726878851 0.2746339738368988 337
1644726878910 0.2738092839717865 338
1644726878970 0.27345937490463257 339
1644726879047 0.27254214882850647 340
1644726879091 0.2715054154396057 341
1644726879153 0.27195990085601807 342
1644726879223 0.270450234413147 343
1644726879286 0.2696145474910736 344
1644726879343 0.2685283124446869 345
1644726879388 0.26830625534057617 346
1644726879450 0.2679150104522705 347
1644726879510 0.26672062277793884 348
1644726879570 0.26576653122901917 349
1644726879630 0.26611581444740295 350
1644726879688 0.26686570048332214 351
1644726879736 0.26387888193130493 352
1644726879780 0.2628885805606842 353
1644726879839 0.26237940788269043 354
1644726879883 0.26145195960998535 355
1644726879937 0.2609159052371979 356
1644726879995 0.2602269649505615 357
1644726880055 0.2594790458679199 358
1644726880099 0.2587819993495941 359
1644726880147 0.25943493843078613 360
1644726880205 0.2573451101779938 361
1644726880267 0.257697194814682 362
1644726880312 0.25641700625419617 363
1644726880371 0.2552356421947479 364
1644726880416 0.2547711133956909 365
1644726880479 0.25567907094955444 366
1644726880539 0.25511977076530457 367
1644726880601 0.2535712718963623 368
1644726880646 0.25235092639923096 369
1644726880689 0.2512003481388092 370
1644726880747 0.2509044110774994 371
1644726880807 0.2499406486749649 372
1644726880873 0.24953331053256989 373
1644726880933 0.24886834621429443 374
1644726880978 0.24809634685516357 375
1644726881037 0.24750106036663055 376
1644726881098 0.24685421586036682 377
1644726881166 0.24665740132331848 378
1644726881213 0.24597084522247314 379
1644726881264 0.24563147127628326 380
1644726881321 0.2444435954093933 381
1644726881366 0.24475175142288208 382
1644726881425 0.2437489777803421 383
1644726881482 0.24304120242595673 384
1644726881553 0.2420549839735031 385
1644726881602 0.24123364686965942 386
1644726881647 0.24154460430145264 387
1644726881692 0.24003836512565613 388
1644726881755 0.24069704115390778 389
1644726881815 0.23933766782283783 390
1644726881883 0.2390354424715042 391
1644726881948 0.2378755360841751 392
1644726882012 0.2369096428155899 393
1644726882076 0.23656420409679413 394
1644726882131 0.2365259826183319 395
1644726882177 0.23779787123203278 396
1644726882226 0.23724372684955597 397
1644726882296 0.2342587411403656 398
1644726882349 0.23503459990024567 399
1644726882417 0.2339695692062378 400
1644726882487 0.23270456492900848 401
1644726882550 0.23173101246356964 402
1644726882598 0.23112353682518005 403
1644726882656 0.23180797696113586 404
1644726882721 0.23067639768123627 405
1644726882785 0.22976423799991608 406
1644726882848 0.22977979481220245 407
1644726882895 0.22984187304973602 408
1644726882948 0.22788874804973602 409
1644726883012 0.22742821276187897 410
1644726883063 0.22703275084495544 411
1644726883126 0.2262614518404007 412
1644726883177 0.22577297687530518 413
1644726883225 0.2251206785440445 414
1644726883295 0.2249050885438919 415
1644726883362 0.22403405606746674 416
1644726883426 0.2239357829093933 417
1644726883487 0.22355152666568756 418
1644726883541 0.2233390063047409 419
1644726883603 0.222130686044693 420
1644726883656 0.2213350534439087 421
1644726883717 0.22112520039081573 422
1644726883764 0.220368430018425 423
1644726883809 0.22134259343147278 424
1644726883876 0.22008462250232697 425
1644726883925 0.2196710854768753 426
1644726883986 0.21911318600177765 427
1644726884035 0.21816298365592957 428
1644726884082 0.21874657273292542 429
1644726884144 0.21858713030815125 430
1644726884206 0.21705470979213715 431
1644726884275 0.21647660434246063 432
1644726884332 0.21530108153820038 433
1644726884383 0.21496443450450897 434
1644726884449 0.21460339426994324 435
1644726884512 0.21379128098487854 436
1644726884567 0.21582989394664764 437
1644726884623 0.21328844130039215 438
1644726884679 0.21253840625286102 439
1644726884741 0.211873397231102 440
1644726884811 0.2116425782442093 441
1644726884858 0.21181003749370575 442
1644726884919 0.21110664308071136 443
1644726884977 0.21024200320243835 444
1644726885039 0.21004849672317505 445
1644726885107 0.20943087339401245 446
1644726885156 0.2085171937942505 447
1644726885217 0.2094094455242157 448
1644726885295 0.20841071009635925 449
1644726885360 0.20793940126895905 450
1644726885423 0.20842023193836212 451
1644726885483 0.20688693225383759 452
1644726885548 0.20617562532424927 453
1644726885604 0.20557749271392822 454
1644726885655 0.20669010281562805 455
1644726885715 0.20439541339874268 456
1644726885778 0.20431943237781525 457
1644726885831 0.20373757183551788 458
1644726885907 0.20306868851184845 459
1644726885970 0.20348197221755981 460
1644726886020 0.20218603312969208 461
1644726886082 0.2024914175271988 462
1644726886144 0.20133928954601288 463
1644726886211 0.2015353888273239 464
1644726886260 0.20038153231143951 465
1644726886323 0.2002680003643036 466
1644726886399 0.20033732056617737 467
1644726886452 0.19941170513629913 468
1644726886523 0.19908955693244934 469
1644726886585 0.19853773713111877 470
1644726886635 0.19922633469104767 471
1644726886692 0.19737708568572998 472
1644726886753 0.19718483090400696 473
1644726886807 0.19734734296798706 474
1644726886872 0.19652259349822998 475
1644726886926 0.19604648649692535 476
1644726886988 0.19618622958660126 477
1644726887035 0.1952728033065796 478
1644726887083 0.19481486082077026 479
1644726887137 0.19419506192207336 480
1644726887203 0.19421230256557465 481
1644726887252 0.19357545673847198 482
1644726887314 0.19323818385601044 483
1644726887377 0.19280853867530823 484
1644726887442 0.19239555299282074 485
1644726887491 0.19187875092029572 486
1644726887536 0.19158931076526642 487
1644726887596 0.19082581996917725 488
1644726887648 0.19075462222099304 489
1644726887714 0.19201824069023132 490
1644726887762 0.19044020771980286 491
1644726887809 0.19024692475795746 492
1644726887870 0.18892933428287506 493
1644726887944 0.18908312916755676 494
1644726888014 0.18829156458377838 495
1644726888081 0.1886918544769287 496
1644726888132 0.18812206387519836 497
1644726888195 0.1884583979845047 498
1644726888259 0.18676263093948364 499
1644726888328 0.1866758018732071 500
1644726888393 0.18618243932724 501
1644726888495 0.18692564964294434 502
1644726888593 0.18562167882919312 503
1644726888675 0.18714265525341034 504
1644726888769 0.18460237979888916 505
1644726888888 0.18642528355121613 506
1644726888991 0.18395724892616272 507
1644726889086 0.1846364289522171 508
1644726889174 0.18370884656906128 509
1644726889223 0.182796448469162 510
1644726889286 0.18318283557891846 511
1644726889338 0.18216827511787415 512
1644726889400 0.18210139870643616 513
1644726889474 0.18168838322162628 514
1644726889540 0.18143543601036072 515
1644726889592 0.1809287667274475 516
1644726889660 0.18079134821891785 517
1644726889735 0.1801415979862213 518
1644726889886 0.18077804148197174 519
1644726890019 0.17928446829319 520
1644726890107 0.17943406105041504 521
1644726890207 0.1788615882396698 522
1644726890339 0.17846648395061493 523
1644726890544 0.17830461263656616 524
1644726890623 0.17843811213970184 525
1644726890721 0.17733833193778992 526
1644726890770 0.17727991938591003 527
1644726890841 0.17722171545028687 528
1644726890890 0.1766282618045807 529
1644726890976 0.1766808182001114 530
1644726891098 0.17592038214206696 531
1644726891150 0.17556442320346832 532
1644726891205 0.17539286613464355 533
1644726891289 0.17540085315704346 534
1644726891352 0.17437133193016052 535
1644726891419 0.17481735348701477 536
1644726891469 0.1748109608888626 537
1644726891563 0.1747170388698578 538
1644726891611 0.1733405888080597 539
1644726891676 0.17364980280399323 540
1644726891727 0.17293310165405273 541
1644726891788 0.1722470074892044 542
1644726891864 0.1720455288887024 543
1644726891910 0.1717829406261444 544
1644726891978 0.17153461277484894 545
1644726892040 0.17150859534740448 546
1644726892118 0.17169542610645294 547
1644726892306 0.1709805130958557 548
1644726892395 0.17060931026935577 549
1644726892493 0.17058579623699188 550
1644726892673 0.17016293108463287 551
1644726892799 0.1700771600008011 552
1644726892895 0.16943997144699097 553
1644726893020 0.16860449314117432 554
1644726893191 0.16848692297935486 555
1644726893329 0.1680973321199417 556
1644726893479 0.1677522361278534 557
1644726893581 0.16831596195697784 558
1644726893703 0.1692245751619339 559
1644726893811 0.16675949096679688 560
1644726894020 0.16748926043510437 561
1644726894300 0.16726411879062653 562
1644726894568 0.1660613715648651 563
1644726894898 0.16582593321800232 564
