1644109858919 174.67083740234375 0
1644109865331 142.53700256347656 1
1644109871581 2.475273847579956 2
1644109877989 16.186832427978516 3
1644109883915 1.6928232908248901 4
1644109889910 2.4623830318450928 5
1644109896189 1.1299338340759277 6
1644109902516 0.9353525042533875 7
1644109908621 0.8121455311775208 8
1644109914977 0.7144601345062256 9
1644109921464 0.6465250253677368 10
1644109927822 0.6283053755760193 11
1644109934266 0.6215124130249023 12
1644109940662 0.5886475443840027 13
1644109947139 0.6000304222106934 14
1644109953544 0.6364137530326843 15
1644109959453 0.6228546500205994 16
1644109965765 0.5932832360267639 17
1644109972228 0.5564498901367188 18
1644109978677 0.5762503743171692 19
1644109984747 0.5673445463180542 20
1644109990997 0.5367048382759094 21
1644109997123 0.536508321762085 22
