1644108377238 1.6544381380081177 0
1644108382411 1.0225025415420532 1
1644108387693 0.919156551361084 2
1644108392959 1.075737476348877 3
1644108398234 1.241342306137085 4
1644108403449 0.7824996113777161 5
1644108408842 0.78412264585495 6
1644108413990 0.7841223478317261 7
1644108418722 0.8489012122154236 8
1644108423893 0.7463388442993164 9
1644108428974 0.6647336483001709 10
1644108433615 0.7949959635734558 11
1644108438260 0.7067862153053284 12
1644108442996 0.636899471282959 13
1644108447934 0.6320596933364868 14
1644108453206 0.6482833027839661 15
1644108457921 0.7260347008705139 16
1644108462706 0.6833496689796448 17
1644108467930 0.6250858902931213 18
1644108472688 0.6287936568260193 19
1644108477911 0.6155114769935608 20
