1644651016270 1.062919020652771 0
1644651016331 1.0271464586257935 1
1644651016399 1.0025466680526733 2
1644651016468 0.9714215397834778 3
1644651016523 0.9378035664558411 4
1644651016578 0.8972383141517639 5
1644651016657 0.8576170802116394 6
1644651016725 0.8121563792228699 7
1644651016781 0.7704817652702332 8
1644651016851 0.7314401865005493 9
1644651016905 0.6838110685348511 10
1644651016964 0.6511080861091614 11
1644651017044 0.6062932014465332 12
1644651017100 0.5874212980270386 13
1644651017174 0.5676884651184082 14
1644651017232 0.546807050704956 15
1644651017301 0.5331016182899475 16
1644651017360 0.5311358571052551 17
1644651017416 0.5071887373924255 18
1644651017488 0.493452250957489 19
1644651017549 0.4953452944755554 20
1644651017616 0.47349679470062256 21
1644651017674 0.4644753634929657 22
1644651017743 0.4489278197288513 23
1644651017810 0.4385405480861664 24
1644651017880 0.4293564260005951 25
1644651017944 0.42927560210227966 26
1644651018016 0.41769886016845703 27
1644651018080 0.40744081139564514 28
1644651018154 0.38986942172050476 29
1644651018228 0.38252881169319153 30
1644651018297 0.3772018551826477 31
1644651018367 0.3696626126766205 32
1644651018440 0.3694489896297455 33
1644651018513 0.3547949492931366 34
1644651018567 0.3500572741031647 35
1644651018636 0.33766841888427734 36
1644651018708 0.32793012261390686 37
1644651018770 0.3327834904193878 38
1644651018838 0.32415711879730225 39
1644651018906 0.3107141852378845 40
1644651018975 0.31608960032463074 41
1644651019030 0.310390442609787 42
1644651019116 0.2944256663322449 43
1644651019177 0.2924553453922272 44
1644651019235 0.2893359661102295 45
1644651019295 0.29257750511169434 46
1644651019360 0.26999759674072266 47
1644651019414 0.26795777678489685 48
1644651019482 0.2746811509132385 49
1644651019548 0.26970651745796204 50
1644651019619 0.2570553123950958 51
1644651019678 0.25864797830581665 52
1644651019746 0.2507825493812561 53
1644651019801 0.24776843190193176 54
1644651019868 0.24227619171142578 55
1644651019926 0.23642899096012115 56
1644651019987 0.24125616252422333 57
1644651020054 0.2358580380678177 58
1644651020116 0.2296394407749176 59
1644651020185 0.24739143252372742 60
1644651020256 0.21772032976150513 61
1644651020315 0.22471237182617188 62
1644651020386 0.22176268696784973 63
1644651020438 0.2135688215494156 64
1644651020517 0.2072746902704239 65
1644651020583 0.2032914161682129 66
1644651020641 0.20157282054424286 67
1644651020697 0.19926179945468903 68
