1644125333704 176.72438049316406 0
1644125338524 30.965885162353516 1
1644125343463 43.146263122558594 2
1644125349002 6.787416458129883 3
1644125354424 5.625404357910156 4
1644125359438 3.484971761703491 5
1644125364942 1.8235441446304321 6
1644125370928 1.25698721408844 7
1644125377093 0.9018638730049133 8
1644125382738 0.6479315757751465 9
1644125387629 0.6784964203834534 10
1644125392564 0.7055619359016418 11
1644125397477 0.6516994833946228 12
1644125402294 0.584831714630127 13
1644125407172 0.5841965675354004 14
1644125412092 0.571051299571991 15
1644125417382 0.6505259275436401 16
1644125422421 0.5619109272956848 17
1644125427804 0.5539259910583496 18
1644125432604 0.5419673323631287 19
1644125437509 0.555188775062561 20
1644125442815 0.5709656476974487 21
1644125448110 0.5321619510650635 22
1644125453581 0.5368900895118713 23
1644125458452 0.5290691256523132 24
1644125463861 0.547982394695282 25
1644125469148 0.5870859622955322 26
1644125474012 0.5927065014839172 27
1644125479022 0.5299208760261536 28
1644125484655 0.5283185839653015 29
