1644727257972 1.2405943870544434 0
1644727258069 1.1024869680404663 1
1644727258141 1.070288896560669 2
1644727258212 1.0538731813430786 3
1644727258294 1.031224012374878 4
1644727258380 1.0126641988754272 5
1644727258448 0.9897381067276001 6
1644727258532 0.9636980891227722 7
1644727258632 0.9391321539878845 8
1644727258717 0.9130479097366333 9
1644727258785 0.8715584874153137 10
1644727258861 0.8450247645378113 11
1644727258935 0.8193707466125488 12
1644727259003 0.7919495105743408 13
1644727259064 0.7710047364234924 14
1644727259128 0.7484413385391235 15
1644727259195 0.7284016609191895 16
1644727259253 0.715246319770813 17
1644727259322 0.7030066251754761 18
1644727259388 0.6891266107559204 19
1644727259491 0.6773236393928528 20
1644727259555 0.6667336225509644 21
1644727259619 0.6596430540084839 22
1644727259689 0.6513184905052185 23
1644727259757 0.639222264289856 24
1644727259836 0.6314318776130676 25
1644727259916 0.6235127449035645 26
1644727259989 0.6152316331863403 27
1644727260084 0.6068639159202576 28
1644727260175 0.5957961082458496 29
1644727260242 0.5929780006408691 30
1644727260317 0.5875879526138306 31
1644727260386 0.5769444108009338 32
1644727260464 0.5627219080924988 33
1644727260534 0.5577985048294067 34
1644727260607 0.5474391579627991 35
1644727260700 0.5384756326675415 36
1644727260776 0.5350669026374817 37
1644727260844 0.519108235836029 38
1644727260899 0.5140589475631714 39
1644727260980 0.5133161544799805 40
1644727261044 0.4987249970436096 41
1644727261104 0.4921571612358093 42
1644727261166 0.4784427881240845 43
1644727261245 0.4754166305065155 44
1644727261316 0.46817439794540405 45
1644727261376 0.4573785364627838 46
1644727261445 0.4607875347137451 47
1644727261505 0.44671720266342163 48
1644727261581 0.429115355014801 49
1644727261638 0.4260064661502838 50
1644727261706 0.42276573181152344 51
1644727261770 0.40929386019706726 52
1644727261840 0.4031432569026947 53
1644727261930 0.39181143045425415 54
1644727262001 0.3979266881942749 55
1644727262082 0.3927760422229767 56
1644727262141 0.37959417700767517 57
1644727262215 0.3661373555660248 58
1644727262284 0.3656918406486511 59
1644727262343 0.3616357445716858 60
1644727262421 0.35505664348602295 61
1644727262491 0.34384599328041077 62
1644727262554 0.33470824360847473 63
1644727262627 0.3308367133140564 64
1644727262695 0.33002737164497375 65
1644727262772 0.3208672106266022 66
1644727262855 0.31251251697540283 67
1644727262924 0.3161962926387787 68
1644727262988 0.32655829191207886 69
1644727263060 0.30073729157447815 70
1644727263120 0.29817816615104675 71
1644727263197 0.29957589507102966 72
1644727263262 0.2922976016998291 73
1644727263345 0.2793598771095276 74
1644727263421 0.2849155068397522 75
1644727263489 0.2751118838787079 76
1644727263541 0.28723499178886414 77
1644727263616 0.27252066135406494 78
1644727263673 0.26603931188583374 79
1644727263726 0.2739354372024536 80
1644727263781 0.2726171016693115 81
1644727263847 0.2577636241912842 82
1644727263937 0.24829699099063873 83
1644727264025 0.24471914768218994 84
1644727264091 0.2423502653837204 85
1644727264164 0.24509981274604797 86
1644727264240 0.24824190139770508 87
1644727264311 0.24045076966285706 88
1644727264383 0.23568694293498993 89
1644727264463 0.22955110669136047 90
1644727264539 0.23156669735908508 91
1644727264622 0.22009380161762238 92
1644727264701 0.21813362836837769 93
1644727264818 0.21783608198165894 94
1644727264914 0.22952795028686523 95
1644727264989 0.21581949293613434 96
1644727265065 0.22136332094669342 97
1644727265119 0.22505474090576172 98
1644727265193 0.2076321393251419 99
1644727265265 0.20182578265666962 100
1644727265330 0.20944052934646606 101
1644727265394 0.20731642842292786 102
1644727265469 0.21208465099334717 103
1644727265536 0.19886831939220428 104
1644727265600 0.19690899550914764 105
1644727265670 0.19659215211868286 106
1644727265726 0.18880288302898407 107
1644727265783 0.1887616366147995 108
1644727265846 0.18361608684062958 109
1644727265930 0.18630331754684448 110
1644727266007 0.19096878170967102 111
1644727266077 0.19219334423542023 112
1644727266154 0.1793285310268402 113
1644727266210 0.17697806656360626 114
1644727266269 0.17973728477954865 115
1644727266335 0.18239395320415497 116
1644727266405 0.18693451583385468 117
1644727266473 0.17700263857841492 118
1644727266541 0.17578180134296417 119
1644727266609 0.16936680674552917 120
1644727266691 0.16533592343330383 121
1644727266750 0.17173337936401367 122
1644727266805 0.16226202249526978 123
1644727266874 0.17510612308979034 124
1644727266948 0.15890611708164215 125
1644727267030 0.1599830985069275 126
1644727267117 0.16655907034873962 127
1644727267174 0.15543197095394135 128
1644727267253 0.1567300409078598 129
1644727267338 0.15720291435718536 130
1644727267411 0.15495659410953522 131
1644727267471 0.14976298809051514 132
1644727267559 0.14877057075500488 133
1644727267636 0.152540922164917 134
1644727267715 0.1474296599626541 135
1644727267777 0.1616733819246292 136
1644727267859 0.14399325847625732 137
1644727267940 0.14804454147815704 138
1644727268002 0.14472785592079163 139
1644727268073 0.1406988650560379 140
1644727268152 0.14064563810825348 141
1644727268204 0.14581719040870667 142
1644727268273 0.14089104533195496 143
1644727268343 0.1392073631286621 144
1644727268409 0.1378992795944214 145
1644727268487 0.1376456469297409 146
1644727268542 0.14321285486221313 147
1644727268608 0.14437782764434814 148
1644727268670 0.13788549602031708 149
1644727268738 0.1374386101961136 150
1644727268807 0.13026434183120728 151
1644727268865 0.13207954168319702 152
1644727268934 0.1289929449558258 153
1644727268992 0.13081572949886322 154
1644727269064 0.1380215734243393 155
1644727269128 0.15063363313674927 156
1644727269181 0.14565233886241913 157
1644727269239 0.1283971667289734 158
1644727269294 0.13241025805473328 159
1644727269355 0.12292436510324478 160
1644727269421 0.13155114650726318 161
1644727269476 0.12034721672534943 162
1644727269547 0.12657831609249115 163
1644727269614 0.12866805493831635 164
1644727269673 0.12621821463108063 165
1644727269728 0.12133663892745972 166
1644727269782 0.1782049685716629 167
1644727269844 0.145180806517601 168
1644727269899 0.13226008415222168 169
1644727269966 0.12653209269046783 170
1644727270041 0.12187746912240982 171
1644727270115 0.11455093324184418 172
1644727270189 0.11501892656087875 173
1644727270255 0.11469098180532455 174
1644727270321 0.11418063193559647 175
1644727270388 0.11534248292446136 176
1644727270451 0.11475090682506561 177
1644727270534 0.11471577733755112 178
1644727270632 0.11763086915016174 179
1644727270695 0.11904601007699966 180
1644727270752 0.1130119264125824 181
1644727270821 0.13243432343006134 182
1644727270889 0.12985800206661224 183
1644727270974 0.12357684224843979 184
1644727271044 0.11242352426052094 185
1644727271116 0.10601494461297989 186
1644727271184 0.10978053510189056 187
1644727271258 0.10697252303361893 188
1644727271313 0.10736264288425446 189
1644727271383 0.12187220901250839 190
1644727271448 0.10521401464939117 191
1644727271503 0.11282642930746078 192
1644727271566 0.10825662314891815 193
1644727271631 0.10590826719999313 194
1644727271690 0.10723326355218887 195
1644727271750 0.10352101922035217 196
1644727271817 0.11084506660699844 197
1644727271905 0.11697446554899216 198
1644727271980 0.10954681038856506 199
1644727272040 0.11270499229431152 200
1644727272094 0.10690535604953766 201
1644727272166 0.10103214532136917 202
1644727272233 0.09914916008710861 203
1644727272288 0.10578356683254242 204
1644727272342 0.10146758705377579 205
1644727272397 0.10126369446516037 206
1644727272459 0.10168736428022385 207
1644727272511 0.11347035318613052 208
1644727272573 0.10133592039346695 209
1644727272629 0.10422421991825104 210
1644727272696 0.0994609072804451 211
1644727272764 0.10017718374729156 212
1644727272838 0.106492780148983 213
1644727272913 0.10543563216924667 214
1644727272980 0.10637806355953217 215
1644727273050 0.1225297823548317 216
