1644727053162 3.727356433868408 0
1644727053222 2.92108416557312 1
1644727053287 2.2841038703918457 2
1644727053339 1.8463093042373657 3
1644727053394 1.50165593624115 4
1644727053445 1.2359853982925415 5
1644727053500 0.9976293444633484 6
1644727053560 0.8224695920944214 7
1644727053610 0.7255346775054932 8
1644727053681 0.6482068300247192 9
1644727053739 0.5976365804672241 10
1644727053785 0.56947261095047 11
1644727053846 0.5429793000221252 12
1644727053910 0.525382399559021 13
1644727053977 0.5147342681884766 14
1644727054032 0.4978930950164795 15
1644727054083 0.48615700006484985 16
1644727054159 0.4737282693386078 17
1644727054208 0.46653279662132263 18
1644727054273 0.4552973210811615 19
1644727054327 0.4467669129371643 20
1644727054390 0.4397692382335663 21
1644727054462 0.4323694705963135 22
1644727054514 0.4297637343406677 23
1644727054567 0.42155638337135315 24
1644727054617 0.4175374209880829 25
1644727054687 0.4090766906738281 26
1644727054749 0.40642398595809937 27
1644727054796 0.40274733304977417 28
1644727054853 0.39805248379707336 29
1644727054901 0.39890897274017334 30
1644727054964 0.3865954875946045 31
1644727055028 0.3852313458919525 32
1644727055097 0.38158848881721497 33
1644727055166 0.37452420592308044 34
1644727055217 0.36960530281066895 35
1644727055282 0.36553528904914856 36
1644727055348 0.3603060245513916 37
1644727055405 0.35587936639785767 38
1644727055470 0.35441339015960693 39
1644727055535 0.3537085950374603 40
1644727055593 0.3459581434726715 41
1644727055652 0.34019923210144043 42
1644727055714 0.3375380039215088 43
1644727055776 0.3341290354728699 44
1644727055830 0.331660658121109 45
1644727055886 0.327637255191803 46
1644727055938 0.32314884662628174 47
1644727056006 0.31958380341529846 48
1644727056068 0.3159025013446808 49
1644727056115 0.3151369094848633 50
1644727056169 0.3084586560726166 51
1644727056218 0.3061893582344055 52
1644727056278 0.3052578568458557 53
1644727056341 0.298153817653656 54
1644727056391 0.2973082959651947 55
1644727056439 0.29637065529823303 56
1644727056495 0.28663212060928345 57
1644727056543 0.29174813628196716 58
1644727056598 0.284208208322525 59
1644727056656 0.28113415837287903 60
1644727056710 0.2769474685192108 61
1644727056761 0.27309709787368774 62
1644727056812 0.271054744720459 63
1644727056862 0.2700251042842865 64
1644727056921 0.2655450701713562 65
1644727056968 0.2618755102157593 66
1644727057019 0.2598191797733307 67
1644727057084 0.2573758661746979 68
1644727057133 0.25582176446914673 69
1644727057196 0.25253698229789734 70
1644727057248 0.25064951181411743 71
1644727057298 0.24893002212047577 72
1644727057361 0.2483750581741333 73
1644727057414 0.2434137910604477 74
1644727057465 0.23811371624469757 75
1644727057529 0.23673713207244873 76
1644727057583 0.23459069430828094 77
1644727057634 0.23281721770763397 78
1644727057694 0.22799400985240936 79
1644727057761 0.22813598811626434 80
1644727057840 0.22553648054599762 81
1644727057914 0.22210077941417694 82
1644727057967 0.22312013804912567 83
1644727058019 0.21774213016033173 84
1644727058071 0.2146911919116974 85
1644727058123 0.2155427187681198 86
1644727058171 0.21223919093608856 87
1644727058218 0.20960448682308197 88
1644727058263 0.20790702104568481 89
1644727058315 0.21168820559978485 90
1644727058362 0.20572960376739502 91
1644727058412 0.20251049101352692 92
1644727058470 0.19895067811012268 93
1644727058530 0.19828125834465027 94
1644727058590 0.19783461093902588 95
1644727058660 0.1946130096912384 96
1644727058718 0.19556283950805664 97
1644727058786 0.19433291256427765 98
1644727058844 0.1887170672416687 99
1644727058903 0.18833021819591522 100
1644727058953 0.18682798743247986 101
1644727059001 0.19067546725273132 102
1644727059065 0.18253973126411438 103
1644727059131 0.18137352168560028 104
1644727059181 0.18007886409759521 105
1644727059243 0.17981182038784027 106
1644727059302 0.17781248688697815 107
1644727059367 0.17642347514629364 108
1644727059422 0.17572230100631714 109
1644727059489 0.17470969259738922 110
1644727059544 0.17164205014705658 111
1644727059596 0.17255669832229614 112
1644727059658 0.1681460738182068 113
1644727059722 0.1706385612487793 114
1644727059789 0.16568265855312347 115
1644727059859 0.16810475289821625 116
1644727059912 0.16585156321525574 117
1644727059977 0.16534097492694855 118
1644727060028 0.16202308237552643 119
1644727060096 0.16446201503276825 120
1644727060153 0.15795104205608368 121
1644727060198 0.1615648865699768 122
1644727060243 0.15969392657279968 123
1644727060286 0.16089379787445068 124
1644727060339 0.15609999001026154 125
1644727060385 0.15476249158382416 126
1644727060433 0.15476647019386292 127
1644727060482 0.15504837036132812 128
1644727060529 0.15205560624599457 129
1644727060593 0.14970465004444122 130
1644727060643 0.14930413663387299 131
1644727060688 0.1480860859155655 132
1644727060735 0.14743372797966003 133
1644727060795 0.14898115396499634 134
1644727060860 0.15200555324554443 135
1644727060911 0.14914238452911377 136
1644727060960 0.146154522895813 137
1644727061009 0.14368392527103424 138
1644727061059 0.14471788704395294 139
1644727061105 0.14173276722431183 140
1644727061157 0.14291444420814514 141
1644727061212 0.14177651703357697 142
1644727061258 0.1392001062631607 143
1644727061316 0.14061692357063293 144
1644727061370 0.13809597492218018 145
1644727061416 0.13901937007904053 146
1644727061468 0.1426495909690857 147
1644727061519 0.1354009062051773 148
1644727061573 0.13880117237567902 149
1644727061645 0.14122164249420166 150
1644727061695 0.14049775898456573 151
1644727061748 0.1360883265733719 152
1644727061811 0.1321629136800766 153
1644727061859 0.13611215353012085 154
1644727061917 0.1360986828804016 155
1644727061980 0.14590390026569366 156
1644727062031 0.12909717857837677 157
1644727062084 0.1327616423368454 158
1644727062149 0.1309264451265335 159
1644727062214 0.13017447292804718 160
1644727062279 0.13064250349998474 161
1644727062325 0.1279759258031845 162
1644727062372 0.1271105259656906 163
1644727062422 0.1281806230545044 164
1644727062484 0.12677901983261108 165
1644727062531 0.12713758647441864 166
1644727062589 0.13038304448127747 167
1644727062639 0.1240202933549881 168
1644727062699 0.12585508823394775 169
1644727062751 0.12642166018486023 170
1644727062805 0.12394972890615463 171
1644727062854 0.12197457253932953 172
1644727062915 0.12163738161325455 173
1644727062962 0.12108465284109116 174
1644727063013 0.1225394755601883 175
1644727063071 0.12306419759988785 176
1644727063118 0.12430553138256073 177
1644727063172 0.12455333024263382 178
1644727063236 0.11977452039718628 179
1644727063289 0.12341221421957016 180
1644727063341 0.12103880196809769 181
1644727063415 0.12276388704776764 182
1644727063471 0.12330681085586548 183
1644727063524 0.11945226043462753 184
1644727063581 0.11840952932834625 185
1644727063637 0.11684688925743103 186
1644727063687 0.11614483594894409 187
1644727063736 0.11645997315645218 188
1644727063792 0.12418898940086365 189
1644727063840 0.11608442664146423 190
1644727063901 0.1220037117600441 191
1644727063962 0.11598628759384155 192
1644727064024 0.11335795372724533 193
1644727064088 0.11605089902877808 194
1644727064138 0.11551235616207123 195
1644727064193 0.11292113363742828 196
1644727064249 0.11601124703884125 197
1644727064325 0.11757258325815201 198
1644727064388 0.11350306123495102 199
1644727064436 0.11678576469421387 200
1644727064490 0.1128293126821518 201
1644727064540 0.11123340576887131 202
1644727064589 0.11063449829816818 203
1644727064653 0.11518770456314087 204
1644727064723 0.11143608391284943 205
1644727064777 0.11119493842124939 206
1644727064836 0.11322607100009918 207
1644727064892 0.1137162372469902 208
1644727064954 0.10868597030639648 209
1644727065030 0.10797788202762604 210
1644727065077 0.10936339944601059 211
1644727065124 0.11037737131118774 212
1644727065170 0.11232800781726837 213
1644727065240 0.11369410902261734 214
1644727065297 0.12296752631664276 215
1644727065351 0.12002675980329514 216
1644727065401 0.106573686003685 217
1644727065466 0.10684993118047714 218
1644727065522 0.10645552724599838 219
1644727065571 0.10564589500427246 220
1644727065629 0.10755126923322678 221
1644727065675 0.1075877696275711 222
1644727065724 0.10708490014076233 223
1644727065788 0.10558943450450897 224
1644727065853 0.10763029754161835 225
1644727065905 0.10670687258243561 226
1644727065969 0.10539072751998901 227
1644727066035 0.1070585697889328 228
1644727066088 0.10359952598810196 229
1644727066150 0.10548233985900879 230
1644727066208 0.1055961474776268 231
1644727066270 0.10455191880464554 232
1644727066318 0.10499555617570877 233
1644727066380 0.10559891164302826 234
1644727066441 0.10815440118312836 235
1644727066492 0.10406597703695297 236
1644727066540 0.10817740857601166 237
1644727066585 0.10270358622074127 238
1644727066657 0.10094265639781952 239
1644727066711 0.1032402515411377 240
1644727066759 0.10371242463588715 241
1644727066806 0.10246840119361877 242
1644727066852 0.10730298608541489 243
1644727066911 0.1124829426407814 244
1644727066961 0.10379371047019958 245
1644727067023 0.09900826215744019 246
1644727067084 0.10169139504432678 247
1644727067131 0.10754121840000153 248
1644727067183 0.10420998930931091 249
1644727067242 0.10605181008577347 250
1644727067294 0.10552206635475159 251
1644727067360 0.09889169037342072 252
1644727067413 0.1027299091219902 253
1644727067477 0.10162622481584549 254
1644727067546 0.09925402700901031 255
1644727067594 0.10111097246408463 256
1644727067654 0.10198989510536194 257
1644727067718 0.10014456510543823 258
1644727067783 0.10090593993663788 259
1644727067854 0.10230859369039536 260
1644727067917 0.09762684255838394 261
1644727067974 0.10130683332681656 262
1644727068036 0.0995747447013855 263
1644727068100 0.09695591032505035 264
1644727068171 0.09851566702127457 265
1644727068235 0.09634683281183243 266
1644727068299 0.1008405014872551 267
1644727068362 0.09823678433895111 268
1644727068423 0.09971169382333755 269
1644727068485 0.09653709083795547 270
1644727068547 0.10299175977706909 271
1644727068594 0.10087414085865021 272
1644727068665 0.09895701706409454 273
1644727068725 0.09625083208084106 274
1644727068769 0.09644998610019684 275
1644727068815 0.10085407644510269 276
1644727068877 0.09655284881591797 277
1644727068930 0.09490431845188141 278
1644727068990 0.09998074918985367 279
1644727069045 0.09553438425064087 280
1644727069094 0.09585567563772202 281
1644727069154 0.10000231117010117 282
1644727069207 0.09863005578517914 283
1644727069260 0.09431904554367065 284
1644727069326 0.09529932588338852 285
1644727069390 0.10313280671834946 286
1644727069439 0.09360451996326447 287
1644727069492 0.09812898933887482 288
1644727069544 0.09743288904428482 289
1644727069603 0.09475333988666534 290
1644727069653 0.09416043758392334 291
1644727069716 0.0969117060303688 292
1644727069784 0.09427482634782791 293
1644727069832 0.0933457762002945 294
1644727069878 0.09634945541620255 295
1644727069926 0.09457822889089584 296
1644727069988 0.09587138891220093 297
1644727070057 0.0953565314412117 298
1644727070108 0.09209883958101273 299
1644727070169 0.09636783599853516 300
1644727070232 0.09102896600961685 301
1644727070297 0.10661657899618149 302
1644727070360 0.09428344666957855 303
1644727070412 0.09639586508274078 304
1644727070465 0.09175288677215576 305
1644727070527 0.09452595561742783 306
1644727070574 0.0976167544722557 307
1644727070623 0.09356977790594101 308
1644727070670 0.09210850298404694 309
1644727070721 0.09947369992733002 310
1644727070778 0.09264437854290009 311
1644727070825 0.09150903671979904 312
1644727070889 0.0915079116821289 313
1644727070952 0.09330679476261139 314
1644727071010 0.09432250261306763 315
1644727071075 0.09076669812202454 316
1644727071125 0.09127861261367798 317
1644727071174 0.09226629883050919 318
1644727071237 0.09655574709177017 319
1644727071306 0.09126511216163635 320
1644727071378 0.09395413845777512 321
1644727071426 0.09037482738494873 322
1644727071474 0.09235011041164398 323
1644727071522 0.09057574719190598 324
1644727071581 0.09386789053678513 325
1644727071646 0.09813691675662994 326
1644727071708 0.08699119091033936 327
1644727071771 0.0948869064450264 328
1644727071833 0.09126484394073486 329
1644727071902 0.09008101373910904 330
1644727071964 0.09082254022359848 331
1644727072011 0.0923411175608635 332
1644727072065 0.09831744432449341 333
1644727072134 0.10392861068248749 334
1644727072182 0.09341572225093842 335
1644727072231 0.0959407389163971 336
1644727072289 0.09025343507528305 337
1644727072351 0.08909478783607483 338
1644727072417 0.09180109202861786 339
1644727072484 0.0878017246723175 340
1644727072566 0.0909809023141861 341
1644727072620 0.08907308429479599 342
1644727072690 0.0892985537648201 343
1644727072752 0.1016414612531662 344
1644727072802 0.0859905332326889 345
